11338151,945159,3121131,13474076,178247,13832924,10573643,10334097,15033948,14145835,
12617011,10757631,14658038,5129633,7506784,9216975,2174839,6517504,8700780,1001960,
10430180,4356925,12636855,15882180,5337738,16272994,14885215,3730269,3579981,1668964,
7501485,8112460,10615824,10149597,13965485,6498649,4831628,5637803,2807638,4865336,
11512458,7293636,11649935,13146028,3351211,13542574,2641834,11085949,11005799,3841021,
13221568,10107096,12620911,15714089,8081720,2341976,9098334,15417931,2687572,11010717,
8628621,5131188,11332213,1350632,2349933,12312854,1450984,6893942,5351168,6554513,
14360524,6389528,2826095,1478950,1561616,11890834,9548997,4343514,15004867,2792077,
14515438,13933437,5201693,12104825,14852243,4581683,14320686,5242910,15453900,13174378,
2392555,9845062,15734259,9530043,14990390,2000912,8507145,8064013,8725200,14430486,
14777758,9758166,13371551,6080869,5347851,7769697,10720485,3140659,4144043,3553671,
726690,11146304,14650167,8889399,2609455,9964256,5003154,13102955,14738580,14204545,
4679913,8732147,9917357,16274479,3825201,167514,7075501,16286065,12147213,4782867,
12489590,9277952,7353109,6170572,5859880,740887,9181468,5091206,3840126,2848250,
11478610,2256215,9286208,9610305,12561351,4696679,2718043,16006557,5584701,9614557,
8131622,4730196,6834133,12105700,9805298,2797599,12664253,8532517,215352,5755757,
14101237,2607736,5192018,12950138,5796153,11113708,16427394,10397857,507168,9262802,
539669,8551113,6688257,11272463,10969457,4086746,2030807,16079889,13106136,12225592,
4146828,4679324,1781938,2472986,9571380,8283312,13297178,10462508,15160746,2600972,
11473837,4057581,15312657,5912558,4493883,15444133,16155784,15131766,14986040,7947040,
1127015,3157275,14953745,2630695,13893549,5727892,14906061,8474644,7913363,920016,
13114731,7437399,16469092,6650144,8948201,4660913,6619755,5660749,8538380,16104345,
889129,9731072,10772205,879103,10435802,227307,16074838,15298217,11646605,3965795,
4460979,2601322,4547814,9357705,2712004,10199610,5166514,73405,5962137,8245290,
14747988,6778579,9943322,4628257,8392966,13280667,12900334,14632635,11343573,13804127,
1058402,8835857,2912059,4933432,5377784,10035560,4360681,14855756,10527180,3707265,
14378950,6670479,13677361,15240518,9809893,3036706,7216109,14245077,4538724,9980825,
5018091,1699492,2461779,3309259,12094673,489684,14242216,2088501,13719776,11586738,
14609762,7728572,9044046,10964911,7717798,129480,4684835,3292963,721380,14786737,
7845828,11463064,14048788,2908948,12682998,3344036,15891283,15595328,13278039,13768399,
15718317,6169907,10158094,10124216,4144890,9574457,6613157,14508817,6701635,15083765,
9262065,10961224,10889442,8003130,6697338,3230195,3957094,14540587,4676836,12781457,
6345907,3972813,12840952,16444890,8832403,15782766,15191630,13559588,1587461,2568911,
196830,6650878,16518917,2070324,4003164,1070828,14602115,294762,2194868,9083991,
4333378,11956522,15003794,15825437,14295586,5787205,7054094,13561506,10086304,436816,
13810497,1889846,7300553,8085156,10809873,6606090,3968314,3840177,374963,5872850,
3796625,11828049,9008423,13957747,7026866,1706602,7573575,14194190,2250454,4581222,
7392383,10030172,11482763,1409894,2914752,3483073,10303070,5571057,11826825,11032250,
433716,2801348,14281845,7383133,16157728,11619837,1140607,14857112,5071851,12384131,
2547006,4045670,6625641,14979105,14697221,5486813,10932958,3778144,4845903,11745249,
4102828,10452274,13659684,4902420,7896301,11319021,1038198,14890079,12628876,1312600,
9565274,15477769,15225066,5839689,975034,10171894,16076954,1361675,7448220,16071277,
1550994,4842052,15854441,12743494,10300968,16045043,4594520,6292386,7099888,4392611,
6143477,2894055,9007291,2923738,4164124,7024655,11537629,8638922,9470116,10775153,
11994815,6849707,981093,15225206,2678647,12130587,2282748,7844234,8672634,5284573,
3892326,2175829,12540607,11084678,4542127,3444488,15512676,16262216,2332375,11060775,
15975048,15536710,11397993,1536089,7469572,2471261,1129514,14032664,100990,1161911,
15181320,2760464,6639396,13931894,9324645,14157034,10945313,7112761,14532399,5270230,
8244844,3275936,8655637,11816312,8154905,8185653,11702411,13302303,1856768,9828417,
4207577,7138055,12881221,11033673,15257536,9462757,3802904,96328,1233459,1971509,
12653728,7386288,4033771,643695,11522822,7261802,6796030,338378,13812031,12732004,
7237422,14389346,4215622,15471867,8036292,8962166,2418076,1413053,13950466,13263037,
1793059,10198216,8834247,11941967,4655091,14222553,10430412,9533626,14303434,10502216,
713011,8247323,6476798,11860380,9341692,15057580,1148931,1431648,6012570,937872,
6370583,13848936,6467773,370264,694127,12280706,15149115,15999508,2283618,12987643,
10024919,11016175,13493451,16460910,2368582,14692,14523474,14244709,13020427,5183176,
2471932,11995802,16427361,13578808,13521622,4506448,9418485,10170217,12458877,8613382,
389031,14774995,8692463,8059268,12241635,4038287,5887545,6299712,11026276,3382153,
11691741,16306172,1566735,1333512,6342318,5564812,7095335,1652507,9815532,11025980,
10426482,15601381,9963759,7319312,7760832,6573147,2268112,10167132,4706050,3845928,
7492559,12930037,8387522,4957818,11655951,11151548,2194900,4024904,3167592,16000339,
11410873,7929737,11190073,2284828,5848057,14314188,12687166,1746501,4879364,8178930,
9852456,12795296,1483339,6963217,9745058,1928110,6562696,4044252,3972794,7582752,
3010492,10713258,6003181,8696265,15137045,219214,232585,8490355,4481411,10857786,
9313917,11041796,253764,2918891,10151816,1702089,4328766,14576099,11888690,6432818,
12458976,6695943,288387,2727816,13990427,7619175,1356768,13765834,9359998,4887847,
11685170,10386648,13706805,7820923,2799820,13626282,3381207,7873065,8935568,2459853,
4583502,4447876,4933648,11418724,404834,8379645,14769761,2396138,612913,15503632,
3538235,200505,5460871,4830567,4989523,12269365,3783165,4941722,6021032,9146334,
13079819,12214089,3956538,5321590,9079240,2841423,6321795,8908148,5959804,6831639,
14501992,8534532,15570492,2177214,10459171,4016123,3356179,2203636,10331423,8659962,
15641259,15444675,5792273,5144233,12329289,481550,7105345,12513944,12448866,1452272,
12504253,4356755,4301338,14652704,10780426,8520783,11043625,9151442,346679,3899077,
15650590,12060525,466324,15698988,11540505,1849822,886926,15115146,10225919,1211832,
9826213,14385525,14612910,13804304,6750546,6588374,5016981,4423935,12276320,4429774,
4692862,7941583,68446,8891159,11252969,6102178,11614928,132321,14467675,903081,
11609050,4542286,150435,5078143,13198797,5801003,16161630,8219307,8071053,14290075,
7383469,2963059,6498029,5496919,4036939,10787654,14495826,10213825,609137,6084931,
9981588,7089005,11025849,12225804,11124599,7398874,16282932,8867274,1417615,7035937,
1911613,3726748,12455318,11111351,5321133,7120721,13135058,7524225,13635447,13490377,
5958307,14320739,15782664,10695547,4692727,8300703,14963506,14076339,4718739,6282201,
2581693,5547085,7124808,3604107,16331513,249926,366118,1989901,10879468,8784547,
4830592,7171276,7304725,12578886,11781274,3860992,7722761,3358870,5707099,10883903,
3510690,10229809,8482671,8244778,15330066,1049969,14754904,3194754,3371883,3152976,
13404666,12916103,7490712,3592068,6940788,14702497,8701698,2368976,13047154,10595607,
2007478,16483422,13393064,2650112,2889759,2709803,1434086,366841,2378849,14213116,
12866897,16355089,7436089,9195638,3802548,377397,4597261,10189918,1035793,16447787,
12239435,13825779,3800595,4998848,7011093,9396910,14618362,5071375,2679415,12193186,
3135767,10555528,12155467,5268172,10310957,11664818,1109565,6174882,1154843,6264296,
15250080,15568255,10752942,8048144,11381486,15540097,5846812,553101,2373352,14459798,
15574526,2136271,11646386,1538663,14301993,1797837,10324514,3870223,2615083,4398663,
15445220,6610624,11401422,7625746,12323672,533238,10910426,8768911,11090680,14357613,
8231781,15481642,11006647,2926703,10001373,13703990,11126920,1540271,6845467,10983598,
12336288,2543074,15957530,2742690,15080090,14115452,9709597,11389334,8702966,3537324,
3044398,12761594,12098266,16426310,8888062,16059724,14116577,12663178,9269909,5619567,
2241989,5157114,13142693,6214424,5595523,9474703,8135233,13768805,7295341,16462885,
11531165,9569917,8901819,1180500,4241172,13165968,7239318,4312495,9510450,12562410,
7061338,3586830,3780024,2761694,6089847,7741033,15211475,7788850,9004998,9618442,
9835032,3129999,11756540,14378827,13607987,16265594,11812997,2032980,505853,15251150,
13698144,10861296,9192284,375299,4422405,7242033,15434770,16514352,1788129,15461288,
7341576,9062505,7341299,13062795,5587202,6144042,10377206,3039799,5019258,13894164,
5009045,3455040,7871105,15332370,14089651,2271544,11104134,15859038,581494,1776674,
12406105,11926374,12933176,8963592,13881593,5843935,328616,7127073,11831088,3244187,
9858585,14338178,12641921,7153983,5835231,9858993,1675922,1734634,9935030,11910832,
4889524,9451433,8876758,11263421,4735873,8056636,13453874,7818758,13638533,13775674,
15211741,9657553,1810887,1385303,11849939,15325717,13285512,2574793,9819661,3205313,
3505733,9716479,7031433,8518873,13107750,14458258,341372,4266455,11319292,10602845,
1185227,15374069,15135580,11864520,12522531,9930665,15443001,13327383,12881495,7817055,
6533211,14547105,5714221,14008297,966374,15041197,2475760,9463254,1174232,4773947,
5784922,10857875,2576538,4269371,8189626,14079836,9108927,1122263,1951753,6475099,
5916502,10911661,10573527,6646693,15981265,5304402,12145624,11767546,2078232,1195894,
9251776,13849278,13269772,7347561,16124560,832105,7924565,14902809,282986,9416675,
14819217,8892538,11524672,7796667,7109188,1622036,10709433,3554356,7399946,15462638,
15764064,12872081,12338426,6165569,9319356,8345069,10462273,14991207,4499430,14842127,
2437369,7736765,28460,4553037,10952339,3675994,8796279,4051818,12810700,13280498,
7175645,4448892,6404833,3092744,5679685,5332452,16197781,650558,9857189,15232336,
1755720,9240179,13661413,10804010,12039956,7080659,5763268,310025,5382389,7160909,
630194,1878930,8732087,2647029,10501674,9790338,8528865,16101981,8378383,3396725,
15501860,7551059,4015517,11168366,2673746,15912281,11014664,3240815,15096325,16500141,
12242537,2384713,12967536,735073,4036811,8255328,9132249,10225929,3789103,1212908,
9120228,6011605,4329950,7496291,13576746,6307467,4203868,613543,10745225,1114931,
12825837,13032692,11779383,2012670,12177258,42306,848772,15551713,1121839,12198346,
3554594,13298742,7761778,4305392,6180195,13586452,15562956,11142380,8862347,15761599,
5155521,13199500,6027486,7395304,13952587,6184421,504757,15978028,8454766,6451403,
11015296,1259999,16506290,4980420,11929380,12309791,14304920,11048453,1305728,4026917,
2734737,10648230,9326762,14243660,2939344,10733810,8619174,2009360,9527127,8148493,
2911686,16295150,9159422,1768377,16024975,10501466,7937325,5364885,8853827,3810275,
501342,5472360,11267851,10315616,8998568,10500735,12983910,11623477,16161808,4927000,
8001425,3572457,10623807,3658352,7051752,3039115,10949122,4810912,12974568,3037145,
12672401,15179858,8215382,3735540,680197,15997481,1682143,6583193,3003634,4619896,
36853,5102121,16123625,13548427,4391835,2061769,14149185,1531265,16283201,5469416,
13721221,396242,6845781,5075849,5935672,11775831,14373747,1493248,10951016,9289859,
10640639,10071260,11606651,12749650,8093361,7569148,1162068,1073085,597417,3854438,
7250744,880876,4366424,8697170,8297284,1812680,4731157,12858343,569370,2051980,
9833487,11085181,1846293,10156021,4159040,14957613,10240788,6604678,13764823,3439026,
5835724,4952640,7719209,2325742,6927937,12013619,5826617,3512309,10081495,15533693,
3001741,1609299,9810598,8834617,7497173,12975352,13681623,15343692,8506771,713900,
14707581,10725091,1304256,8671394,4963646,11516193,8181058,710294,12905913,884320,
14960723,343671,12834576,2539593,11491921,4031257,13078201,2020825,3961301,13389075,
15322887,15645348,3654145,8461818,6665146,3544669,3953352,9114010,2071885,4483744,
4736641,7882800,6364363,4341264,3904039,12461589,56377,10343301,11677839,13754244,
11321218,15976238,4763196,16093290,3717565,4804986,4873857,12023304,5231207,337411,
10760409,2559863,8166356,9161253,13193864,8068761,1029117,5394991,10823192,16283084,
8411128,8098074,8037365,1864841,1788891,4822351,3648287,10815767,15784123,14577212,
2188128,10364271,5371013,10805929,5153431,13245509,624378,15427584,5066802,3235957,
9717958,449543,14317263,7260367,9715595,5741832,13386046,11827160,15508258,15618497,
13603749,4722707,2390431,10649248,10158205,8723915,3286545,2073944,7677523,15886035,
4943259,3440193,6465306,3639957,7885833,8812860,1666549,2800242,5236158,9319254,
1193986,6814752,7400036,8147921,4259489,13744152,8599011,16397705,12370373,5744871,
2579418,14418904,13358488,624870,5601481,1765905,4136926,7717224,2443378,9840671,
11112235,12455970,14027149,11112503,16148846,11960075,10982614,8025715,2676846,7240752,
8375571,822792,9195122,14987141,11496987,8850817,3172188,626583,3804096,2216077,
4442971,14070208,1207631,7713604,14798058,8263934,1296198,2710527,2149314,5206313,
969656,4971165,9892216,15210955,12431358,13071031,6325825,7455261,9667291,11290250,
10795174,16480091,14063692,780953,4567170,16521552,11898567,2814590,5766361,15160484,
9363668,7968789,6761502,12594125,9199187,8023124,11918354,233624,14151075,364005,
3046559,14696445,13820630,11086591,10047156,10116004,6694779,11947377,1522209,5010514,
12533550,10836588,4113463,14043002,5798605,9036858,5257949,11483521,15847675,6721676,
14013644,16449240,9094626,9747289,15333051,2190468,1060551,86470,10203436,234844,
7365141,5669652,6190444,1074992,2560045,2264645,9924608,8078329,13683980,2978192,
12006093,13407470,14366013,8674289,1695070,13031312,7657806,8715534,13453334,15888294,
2560891,15561385,16139700,3727358,10356000,12453594,11823631,12707533,5145518,16159074,
13010022,1703709,3395970,14577869,2344835,29304,908350,1026809,10733971,9382563,
4985040,3451752,15443948,13718508,9430797,1146029,11425805,14474625,8151044,11091952,
12631001,1916938,6761413,15393436,9173014,1047251,2469545,12063685,16259256,6167060,
8763121,7597545,2106163,7364580,7409045,2413294,471291,14500085,13138798,11404099,
2931226,7931411,32810,7772812,11102847,10440708,3271019,10481422,7637821,9005331,
370760,9589081,13769041,2064224,2823901,14944359,602436,4357170,15965400,13907318,
5965917,2354704,2156075,9985658,15529640,7379820,11278135,10014022,12598899,11840451,
4786404,9684554,8673539,5540485,4006826,12833025,2178823,3240988,6014813,8210555,
9863342,921894,14877571,6032486,16124592,7124958,14371954,16371970,1672676,9078326,
8551732,13623909,7448475,16235071,782278,5613985,16269294,6708488,12129871,13473312,
10092421,4465669,10874606,13654976,10131452,3716867,12260508,378519,11735996,8786989,
10023655,13237452,10259152,6323549,15427547,12092738,11279249,9834800,2422965,13039318,
5364051,5045888,46335,12311877,5160778,1673386,6364296,13338437,327698,14078057,
11730589,2431541,15416368,4507641,7639872,10742483,11622859,11697272,2393827,15433195,
4490541,4032955,8230762,6043723,10176035,8676216,14633155,7478621,3944321,10228814,
802139,9361130,14812066,9885488,13719513,10147789,8833034,13619369,1914916,5763527,
5093157,8599003,6777456,13518595,5908732,6052291,6961916,7473512,16006042,5089613,
4955748,10207207,13870296,8707455,3127204,11290947,4151490,9152236,3596932,6002871,
554923,11668534,1883402,13704704,1163951,1451213,14211801,15137528,3147446,7009408,
9033171,6298551,11504682,9900767,3164674,212304,8448140,8557820,1757366,3228448,
2412175,7302639,11463622,2959207,689010,13033720,13503506,10194325,1914120,393803,
1119726,13306024,16364822,952512,14150996,3934973,2280966,3163265,12867897,761312,
2991319,11518428,9894679,15855548,7009755,14430022,2011568,16079383,11981347,4219465,
15363926,8715218,10547743,14751220,2035485,12323640,278592,7281703,14718565,1254176,
13870643,7186028,14242208,8754034,373661,16478771,2704884,2631424,9906679,10489977,
6887497,6816324,13450619,6881576,14688028,12293955,7091258,2441734,11039283,4127607,
13779414,2507592,1393146,3798621,5038818,5425957,14155770,15949524,9833199,4578478,
6482242,9275010,11441233,10933628,14742635,7402596,6667964,3592229,16130776,15784784,
9148258,4444312,13568376,10362036,4252690,14657298,12828357,859477,3531937,2446606,
10172426,11013932,6695993,4350258,14263461,1249773,1144339,6896168,10250637,4795971,
13028656,4070202,3503106,14913815,9098316,14526923,11647315,4073032,14078635,6725692,
8089812,13705056,7922328,10728875,15415458,9956721,6685325,887480,13802312,15481276,
7452475,12792617,4077588,1620652,9408278,12338928,163197,10754547,16289011,9479351,
9956629,10730416,9995339,321928,92849,8461402,5583267,6824767,98540,1349455,
5208360,1776117,3865374,14266904,9831597,122876,7110423,1358678,6665282,1583048,
5461504,665341,1875156,15016837,6778881,16357107,5754391,16458599,10365549,15082449,
9295226,10565845,13505035,5605555,5411423,5545679,9051790,1740521,374478,2214524,
12195980,8131215,3515332,3844019,10282862,11756924,3650673,4560263,13794630,7669667,
6528540,15313849,14199577,4939150,7906253,3524766,4575603,13343541,5930950,2898494,
5619072,14323671,9717321,8394194,1417404,15158851,8441118,1033313,6282071,16454024,
12305091,10496590,7443173,2099005,13169391,9376642,13679096,2365835,13487448,2981004,
16095760,4277279,2584916,3337698,437026,16277125,7853434,7807413,3390277,9855207,
11662661,16317701,8873115,2007611,15894440,11982473,12923316,10560982,7296796,7920685,
14487513,14007623,13590181,7285174,11707259,4016312,14668288,13235418,11173609,5233421,
11470593,14797355,13169298,7594988,1556783,10330106,11865498,5313532,12832785,1669242,
15770478,7220761,2131058,16058912,2634321,6757613,474156,4239116,10381472,7890642,
906728,5378844,611441,7536535,4597329,15232785,8012522,14570546,7843922,6759107,
13342487,13513197,529934,7011397,3252688,13795554,4260876,12063438,6048150,15485680,
10642618,3510618,5747860,13167877,11174801,3863422,15596941,6222020,14185275,3770287,
3416938,5384925,6641599,13213986,12463846,10957675,10949833,13769629,6551965,12513462,
1211254,5455330,15236952,15573311,4765442,8218412,11843512,3008856,10194736,1729111,
14027531,5543045,14524349,16370246,6691384,13053522,11519197,680985,13440502,16029224,
6143589,10187629,6467199,7397970,12688728,5774339,13998994,7373015,12172906,11354590,
2377681,5720803,14484663,12225550,7584352,5370093,13220651,16073774,4925868,13785719,
112334,14284945,11691226,7727062,8818463,2326763,12876159,10261208,3471482,1659665,
13792496,8805902,14454853,5783140,2941900,3279948,13257118,13430404,13971371,14701741,
11271755,3660519,16443448,7451735,6314864,14494523,1629370,1065040,14889621,13434367,
3864090,15742075,13682099,1743645,13858890,2459818,1771206,12827731,5742101,16236184,
7396186,10812703,4306775,14538512,4293435,14112912,1689958,11778818,3143883,16470679,
1125742,5739267,13030533,8434067,3874386,768766,2758593,7284974,9767781,15380210,
2214250,6380040,6468814,16049855,8305648,557033,4689802,8446363,16478639,1045829,
3217669,9255862,16131044,12344969,9053359,7376383,768821,15551267,12401680,1471382,
11695256,8985236,16081684,16147556,8092906,14623454,5449450,8769660,5441607,12308009,
6858850,14513515,2420559,2836699,15919725,11489998,4364290,10141358,11417844,2908754,
13159126,521792,10705379,9329311,5595524,12802525,13120494,9858685,1760391,11712145,
13957369,5780553,9498621,12573139,13791667,6756656,9868196,10678415,2108947,5225597,
14213920,14585759,14692058,7597566,8762045,9581083,5524508,12626198,6464184,6246977,
4200773,1415931,216913,684687,13792874,6915878,3822255,5054495,3230616,7811020,
12745578,12780017,7190284,5228088,12122776,8119369,27405,3225146,5709852,8182505,
9854118,13628728,3876145,11634624,8370743,3025295,10235808,566192,14090526,16200965,
583402,9876877,16064533,7953845,8544812,11152407,14668590,15243102,14974646,5409379,
6619940,11205455,15416776,12640978,1893717,12628613,8183906,7834878,11621552,9516770,
11425187,551689,283600,2575781,2175526,1029465,689710,5529073,1392250,4877201,
4233293,12978120,8938146,12336066,8327966,8045809,2478642,2129533,1937678,4093252,
14795935,13027537,7029064,1584310,7388668,13587696,14565109,13748685,3544405,11060990,
2871234,13888143,10053480,11182125,5972218,5606125,11132971,4932740,7160539,109869,
11932249,9953803,9526900,11922189,10900930,13452112,9609867,13053867,9779358,13119495,
8389910,4067406,6144240,12886125,10875151,3383860,13279106,5017121,250692,3231932,
3341006,7307224,8422997,15812244,923128,6942199,420453,8981294,5790618,13050637,
3338358,13877582,6440852,3961530,6939775,13036352,8106142,15015605,4290044,9485055,
3281780,1790068,3330118,6511883,13829278,11890687,3984023,12966440,168903,5414113,
1192976,15996685,6816606,7513137,13735985,8249744,905166,15339650,4811760,285624,
16364159,4189023,14562329,15618853,13683166,13969035,801349,11980775,2024013,2641439,
1762223,7581548,4025481,15843760,16078850,712101,797287,7208675,12940499,12314586,
11712115,12048541,14400755,7949982,4985313,1392187,2724694,3615672,11177842,13632740,
6876633,6321839,15191495,3066958,15178876,1460536,9310814,10988643,12854526,14801197,
13077837,13327749,5717544,2936439,8280054,6232335,7628169,11051227,8011859,9853770,
16397660,4855153,6274758,10092808,6500938,2073681,11697590,1337362,16510226,3068873,
12260340,11930825,7492328,1929315,6559001,3809697,3368752,11371837,6871901,6757700,
1456862,10687895,8356167,10862502,14768170,5492157,10962878,2321744,12508942,1760403,
16501431,1759682,9516310,8034381,2569540,5252331,3033221,6103151,10474408,11977537,
10047733,5387708,13338515,10361976,10723877,12253745,10741378,16508287,11830497,1683144,
9582243,11133027,4309774,3809801,7111577,12942523,9033064,5705560,13456006,10856838,
2544648,15400583,16244955,11206448,14123706,8370403,5303079,16312578,14502679,2545435,
15244207,6128545,7696511,15027461,14947202,11282865,13080153,741373,4126977,9566265,
6211515,4056077,4605816,7791118,2497330,11285137,8489056,16013561,10663911,12641511,
6137036,5834829,4892555,5814778,3607977,12845707,14345654,8090238,12643353,966823,
12969123,9122894,8114805,559443,2730483,4684870,14384142,5405671,7981597,1980112,
14701191,2284951,15066581,5462159,14987841,15864148,15332284,8938819,1360874,8954261,
6382182,13666317,5517628,8491834,10013507,15726855,7196425,14648276,6591349,16343168,
16274869,430241,10346591,15705484,6500062,13914550,3227687,4041676,15268850,7980243,
8942086,4193494,12456900,1392587,13580521,3963994,8701799,1423777,10381051,15510984,
7140276,7100302,10503897,6032453,1318896,2344239,12462096,4352317,10173863,6583605,
3670001,11090370,10022762,5733908,16253702,6360581,8021915,12931762,9880827,5784509,
7304884,14073233,12133584,14473816,4580080,13628760,6917634,6646114,5275771,13650396,
13333173,13826182,15672486,13106623,4469190,13600313,9774689,9910911,13763284,14954762,
10054542,11093320,3296070,2321966,2937195,3951248,5073829,8743107,657996,15629261,
5962598,1017106,1139282,5657393,11613267,4513737,15997938,8236729,16273544,1132068,
15645117,4842519,4859194,16447954,11784970,1539159,12869250,16370833,1678178,5089610,
17153,14845740,7319083,3734976,14603877,11681453,1395855,15390422,622364,15349809,
11493519,7361887,7836709,15643667,6522259,14135555,10377,3115525,3663321,10375928,
16173909,3769050,7936773,14770437,14775736,710480,9159061,9049614,10201108,14297234,
10385290,15919914,6074392,15712668,5840263,8565252,4284680,13944353,5591676,10365074,
1360778,13223827,15394870,8682600,10840533,2399893,5110204,5940711,8395346,9665911,
7976502,5856665,5525671,12833368,3141867,46149,483199,3756649,12037844,15817783,
6996607,279886,13708888,3668866,2889919,1237366,140667,16435856,6276699,6363871,
8747362,3549108,11893296,3189442,7374731,12201279,7620378,14514854,8263675,11825734,
15013110,700825,3211672,14020682,11988697,396166,1148377,1790599,16075440,11228084,
5371256,6836108,9627382,5081820,1841243,5163813,3541037,4816942,9173965,5417715,
3280229,3445173,13146626,15910621,4099168,12655703,14753345,15355330,6945872,657280,
6288917,12286518,5489008,13497735,9270551,14842289,4369436,1835457,8716087,5643326,
3924926,4822628,8955556,11840814,4203797,12284315,6353145,13110087,11577911,11303188,
3600835,11395047,151013,9290493,9422523,13153336,11345991,4081711,967106,14344906,
14136741,8200594,4446123,7647202,7718478,10545973,3343895,14547507,11774174,8897948,
11696686,12499997,15300319,11811173,14101941,4089793,11464674,13364427,12384918,14457199,
9364396,6694029,14770394,5270195,12728486,15032050,13332717,5570304,12463849,2088329,
9285045,6475173,8422847,9680150,12386631,11298300,11709012,9069822,11994665,12424118,
2597461,5124719,3884957,2174645,13638386,13210175,3346429,13681307,15552033,12809026,
6985619,16048163,15881951,477622,1785340,6457216,12669047,6756218,15793802,2325152,
6452247,2772408,3966550,3988527,13217239,12759722,2596084,16327704,5195232,1996102,
9284991,10514181,13330966,6522205,14789799,10872060,11408941,9452683,14967972,12655523,
14317164,15691249,918286,4914103,7187130,9955001,16184659,324435,9516542,3864452,
6677698,15553848,4817513,5822590,7685697,12064581,2445573,13893697,16168389,422031,
6404113,7862278,11517679,14956488,6338625,3457190,10464468,16013454,2260449,14976740,
471585,11801953,12765585,14324446,15873120,4443075,5019823,13380910,13575828,5044880,
16385728,4894090,9143008,4901297,9319851,11334354,16340353,12947064,15583282,6912372,
9032531,6848091,3933633,2384373,251851,4320544,6509885,6387692,8806412,6549706,
4980268,2526338,6170140,4271352,6506939,12256434,4904464,11291601,9005916,2828789,
8266810,5604441,7638946,4235681,14314265,13019127,8979485,10361497,14859858,8870394,
7231996,11130571,2454134,9093902,7841362,4983308,11259499,2359645,13593540,11189525,
12238631,2048120,487575,9755961,8936771,13165219,15641150,10107962,5554475,9377825,
14458733,4113591,435455,7947369,6119241,6667647,7921315,8940719,12690699,4841690,
13955462,15973161,5795017,13566123,7281311,2334550,6447299,14632428,4089018,4575780,
13609639,11975587,11663215,6996608,5985072,6148638,10999801,10636019,9896887,11525815,
10237266,3484509,1140414,2949808,11201484,5500745,4893112,10702333,13055924,4912485,
3018810,10516638,11468893,1989813,10855469,14920352,7676709,16119098,3869510,10774176,
5325834,4498858,7831896,15369698,3415061,176097,137235,10694907,13514182,3195265,
15027474,4361567,2724722,822132,4893375,14041016,4975788,4279792,8503783,15790915,
14163901,15916873,16308053,1360584,11908422,7593363,14529694,7790723,598032,9335978,
3558914,2484115,14977815,3160066,13657940,5101638,16268286,7809540,6251536,9432919,
11029010,11896166,10512457,2921737,220975,10964536,14222705,9998908,10172273,9596196,
1431250,8065909,4758148,5993366,13328832,6846087,888240,13294998,4127582,15438373,
11018601,4376771,10318914,10870665,9863005,734727,10481481,6726623,5169889,2528514,
13546409,6769741,15657945,8048681,8017216,7690439,8369998,5541927,6536203,2035016,
3031498,2698318,7109696,13865836,1279563,7938696,16078857,10231525,11936686,13723995,
5438036,8371518,16507751,2018433,7876784,8914620,767350,1547158,3581402,5683437,
16010727,14563912,9852872,2778984,263661,7908249,13868352,11320585,7661929,7521550,
4046347,13321925,777448,15904381,5597587,8503010,11936423,3678172,13470930,12681214,
11885983,619389,8366285,9964093,2722731,15385143,2409653,8519534,15592614,6895957,
15586752,4164504,12687485,15638976,14988410,3837354,8043036,201371,2616505,1017935,
4653502,577376,15958242,11116489,2154230,5875040,5097804,5605567,11681403,14668777,
7238834,14951613,596243,4224341,1644010,6614276,13950908,7871795,10639660,8210905,
9854876,15955591,5125041,15140181,15227960,416336,12235797,10396458,5139611,2084201,
10174488,7189545,10602903,12258923,2881384,12460378,8114516,12942659,2629543,8282000,
258584,16209995,11755828,13058908,10100485,6708319,4047013,6435729,7688622,12162401,
7539457,16049597,426414,8019496,14181235,10752005,9450137,5670376,16223381,6972526,
654510,2397015,14569937,3104300,5889675,14386435,9620132,11320265,14429873,13297011,
1545683,7790743,9859071,130414,9673862,3131602,13367073,11751556,14056888,5702298,
11545063,11373508,12242929,664744,3784241,12432680,4340028,12956171,2083051,12465835,
8716632,4733462,2443495,953760,3024381,6154615,1032006,7444148,5238504,929422,
3968815,14195523,8488732,13775919,11993162,10420378,4890959,2308495,9958606,12851596,
14474928,10040119,3531543,12083386,12619889,6736332,6247670,13268916,6193977,6156793,
211102,788547,16171906,16041670,9654795,15388917,9742783,1700939,12707173,13840567,
10189306,2200440,15366452,13229262,11949567,6355679,2170467,12301571,8277939,16462233,
833347,8795520,7409297,15544922,7607116,1449237,2129243,5237629,10062955,6781073,
5157140,13476798,4708343,6242217,8405713,5292058,10587106,3185069,6968289,1741323,
14638361,12165957,5413739,1363770,12818642,9210897,311727,14948511,11452851,7782106,
5028355,7347784,1827067,8514238,15996939,12219520,8508597,1932526,3805637,16219629,
14714645,9666990,15711452,9032785,2359729,16414304,11063532,2341667,1662570,360552,
9454429,14572983,5945702,805599,6776005,8917234,1965842,15181393,1950574,390381,
5643366,11694042,12280140,12076225,3612347,1692559,14916467,6972733,11579277,7539417,
13298600,7125747,11132126,3742352,2386672,11547094,10619789,9562497,11668224,4382250,
13479159,12608587,10392025,7242022,10795959,10229931,94978,10285348,9594066,16339953,
8499728,9517512,10338916,8021667,15751873,14749961,3457781,16035166,7944730,5871032,
7925759,9125779,16064839,7336658,7870248,8017613,6094374,14338978,12932126,1622869,
11813393,4634302,10155000,4805406,15329518,4097825,5585029,5990138,3856499,751241,
11455193,14010847,13046812,1694502,7106841,7548783,14955823,4057008,12311414,13380509,
6450582,9039098,15293296,2229239,12312521,7027251,8044334,5811710,9408367,14944593,
13217910,13269688,8277545,954824,9784462,10509240,15448057,4625927,15810534,12966188,
4461489,9943212,11144356,302082,4774233,4298113,6604400,5555558,6248311,10938159,
6282837,15206580,16093094,9310197,2108091,12320,10690998,5892052,477061,5261603,
13498248,8634367,4941781,1416969,9079975,1926306,9302917,1658185,13530235,9741830,
5368649,7782670,10487332,16330855,10913168,8770845,3742246,12721845,13602063,10367131,
7140069,3103620,13580795,6871974,6791677,6455017,11657206,556502,11558112,4390512,
5182107,2444645,1057658,7966147,11141469,2745575,1826461,7481273,12525356,8564241,
848775,14285718,13620209,14849498,5592154,13155843,1816275,11024007,393258,2227604,
2420562,7825439,4966300,16250742,6549653,10929064,1187006,3404190,2966247,6219554,
9904144,8052808,16423458,980670,12755655,3432976,11061857,2135313,1651213,2092784,
2456746,12826946,7689928,2451396,9111838,10212941,6368466,6444412,6005316,11430401,
8780075,10822919,10566612,9248189,3122624,16066165,15868306,11228425,3443225,3220344,
2556147,12449552,6377044,10967279,15489632,12923319,9306720,9058929,10002031,2465745,
8358882,6947619,4411277,13472961,581077,2756311,15814590,14033855,14412494,4564953,
3599439,5358284,8803023,12750876,6988006,13861552,4096236,15848758,4358913,13999451,
14456239,10994507,6464197,12894256,5261434,10550513,9661203,8905735,11736658,10551851,
7864016,9975823,14999177,8013325,5393740,14617804,12545104,11620751,6801858,13003941,
14762342,15617923,7945497,3572062,5765826,10952789,13168115,9658899,12193249,14715713,
7839317,5432328,4548980,9644777,15122781,15428227,8460231,10565870,12290252,921047,
12044813,9768362,1944719,7174371,4873539,14042740,12003022,4394295,13993157,2652723,
1791343,4061232,15853116,3091156,15454258,2728135,3429202,1374252,5463732,4003223,
9605808,740605,15307990,13438301,12625539,6135276,6209772,11006548,15560835,15346304,
205818,4544885,12058821,2190681,10957800,9414070,11625494,263458,16305035,16425498,
12436250,5944409,16114903,8780994,13891223,7197711,2814747,9130339,282303,3771783,
10043009,12727129,3290709,12921572,10794375,7391940,12097457,9552402,1287938,5527607,
6134717,5277670,3156467,4622975,10501937,4242314,13904566,13799454,2805520,11420174,
9319398,1868086,160044,13683657,4819215,16247630,16136040,8509201,3570100,204006,
365430,3881188,7474140,284138,15603817,17022,5825310,3475873,14881906,1500,
8969278,10491093,2117310,11485170,9788094,10411463,4223506,9905257,9245530,6420927,
3084533,1623317,6403531,7292842,11066485,4532345,5317456,2373911,6978363,11197439,
9624983,12742552,8618565,15354624,15587773,8793989,3774267,13995308,14434629,7938201,
15657817,6156791,7714498,7782798,11784792,12523323,12070912,10393955,1605897,11120844,
3100435,6362215,9261965,2002315,2133801,14189767,2233452,7399519,13529289,3501630,
9920906,11022979,8844676,6055878,9714987,16183014,5631640,7227763,2406512,703154,
3326692,7691330,8722990,13935194,14622868,5206201,11681465,8047573,15620918,1696898,
6456733,15479228,15628113,2354780,7632309,1792579,2097681,3818177,11159171,7494292,
10112654,13473091,12459225,7248618,11443498,2430440,3699393,538686,1448788,5757960,
8747798,7772297,11238826,5884503,13253118,12968061,10280805,5072240,6218597,12939234,
12519702,8377319,11145739,12188957,13966156,7360368,15150892,12262905,2975210,12173059,
4916402,2344841,8442575,3099836,8970537,16307992,14906182,11675861,11471410,748854,
5158434,14211623,14050848,5632317,10133381,14177358,9259777,4742213,11735046,1892777,
11104161,13834452,7473805,9394319,8967741,13288195,15064700,764781,8840920,3696385,
14314426,929500,9747495,80611,13383781,9639941,6311006,1315009,5878176,12412477,
524774,5279624,4753677,1281325,1272925,5201558,12273738,12827602,4995837,7656506,
7770977,4137179,8107875,1764240,2065407,8104616,15614692,15739453,11427646,10271991,
5154461,4864799,8053037,15540730,10391676,13233291,13372497,4946731,15589271,13100663,
7831962,8172973,8018867,16321557,2286381,9940830,1592466,5043262,6398291,48807,
6892616,12136799,6998321,6476494,4243842,4042799,10690169,1640430,4136976,10962596,
15269988,10819149,10757934,8413238,7782731,13076596,5590186,6335779,4611603,10347147,
16398071,1760523,4003933,8853583,2299257,1720194,14226102,11591122,5093000,2219881,
1003556,15474144,2049162,7269161,10984722,4593802,12216124,7086247,98217,12754214,
12267539,699360,919163,2403120,13615245,6207544,11153481,11070040,16398944,7640746,
7098779,9374872,3574561,7729156,4768615,5138237,8979699,7735585,5567062,7617573,
3633956,14096405,12809642,2827587,5697625,8970447,8415226,12147617,1096276,3324026,
4135500,11904305,858778,6285353,9632891,16153942,9259984,11333268,633490,4899866,
14882110,9871355,15682857,5250701,11171039,4467426,214390,1665207,9804683,1030247,
2638365,15448867,14838525,3936592,9475060,16128018,15617607,6564530,11436184,8678859,
15393071,189830,16276673,5792771,10596353,3293585,15712544,2749126,5879609,15970811,
6970373,12851392,11778259,11022921,5880433,11764782,3775937,13328618,12264694,1658756,
13646097,11025383,13521567,10239865,11921774,14298192,5690219,11306679,1439725,3756671,
3471438,12394871,2145039,9562941,3961687,5341930,15872584,7358141,4611383,4044764,
5911241,590505,12548019,10643982,7088224,4572372,4242358,8386304,12908280,336299,
15906242,7066116,2225239,1350471,3776203,5358186,6836884,16445585,12475042,11415384,
11421343,12616722,9240410,9304789,11381543,1102507,12321120,9734300,2618834,5277420,
4650616,989887,3151552,3334316,11325737,1738929,14729610,12910293,12273548,5926540,
16121802,13707042,4353288,5325658,2992292,2556440,1922264,3892008,14932580,11834044,
14771068,15708560,14746737,8238611,11018447,6555855,10321949,11165356,15441444,5827074,
8926129,4655212,15503735,10534660,10476554,1492986,11278219,12898267,1940586,13621178,
17509,12102817,12502345,10496068,943125,8455210,1091353,2323546,13963896,15185425,
14155296,5831898,6962454,7948623,4419027,5166875,6980762,10794755,15496052,2301913,
10784790,15185995,4606992,7411418,7314750,10936089,3700994,11238831,10102673,13530264,
11224638,8487139,1148331,12434259,16375227,10024850,15553746,4124679,5453365,6030211,
56299,10567004,7329275,9966204,5876972,6719103,5781836,9367386,9885852,5192307,
15639180,13604415,10414357,13495660,14357254,13366028,9152844,7049955,9577195,982005,
5452869,14013679,6833271,1032479,4837491,2122720,7040403,1842362,12780916,838326,
2507508,5843515,12399176,15921818,13727644,3510339,14617316,5735941,5838126,12619522,
15127823,12244773,5342551,14480701,5688417,7301784,6834281,14042861,13867564,9901026,
6170092,12442025,16080247,3186717,10683332,4678861,3204404,2399077,11640140,10488699,
99062,7203458,7135220,12800555,12815180,12347018,14742394,14875488,10387170,7761237,
11302423,2667443,11952089,860477,14670245,539255,3676352,2166561,7627177,6682223,
4184512,3604451,12254144,1496739,16142908,1456059,8979018,3944507,15995562,11052157,
14820393,12751260,2389726,4683333,10327064,12976935,961452,8635266,9112371,6572973,
2486377,5118719,3942935,5007251,1107709,12593888,12660502,9234335,6416870,14042145,
11652704,5341504,4962877,3450354,12791267,8185744,4722101,6947350,8686300,5041907,
14835314,1211037,3409763,3469116,6009574,4974438,15996813,6008234,5743738,2509125,
16364189,2144907,5180050,13986,7897770,12973462,2835404,7292561,3027192,12587917,
7490254,14439848,12364630,6737342,15599230,3691262,13789498,16278719,8300177,14771214,
7880829,9005093,6114873,1342167,9146462,16318056,5946954,6261682,4564091,2087499,
40270,8918612,10989052,6338555,13340864,7632620,8175435,2418997,12608774,4421516,
880333,11969417,6351080,6010047,9489427,8336127,7985005,2927968,13945678,9694421,
3629287,6975729,6135761,787969,1470181,6798598,7966229,13352518,6198112,791217,
12070194,6218012,1319078,3349622,11147370,9025369,2519390,4111821,14656792,5006780,
6719522,8105128,14320928,5666028,4833622,12571269,7908088,10410788,12994297,4138155,
4557730,11017542,16306873,11752159,7664695,12859505,5719381,6086804,1368426,16020894,
7814749,4803149,9692420,15873187,15510176,493757,14687973,15294789,6962293,12903850,
16433959,4139695,6571662,2356021,168062,1247837,2542158,4141707,4132534,3115875,
4089429,11004464,2019569,9811044,12233349,3515514,4109333,16049483,2972371,1958990,
464239,8290165,4706732,9867236,3486453,8723187,5961153,13098813,10826284,5076667,
12273004,5439461,8816214,8468228,1926343,1840402,7474645,7999728,9718913,10757450,
3404435,13811312,13970831,7373962,12507951,15804425,959700,3536701,14864919,132714,
6978687,14997660,15926427,799412,11928271,15270174,10467141,2517741,11668882,4592164,
861816,10312241,16423335,6867243,14924084,7116202,16006050,12665325,3964778,10137296,
15965055,8393547,16002438,11718023,9520681,13573417,5702479,1774523,5693698,7741598,
10919237,1782868,1469782,15523949,8026249,4554682,28984,9801927,5355419,3759609,
3630193,10135305,8503633,133461,6557176,16294849,10347673,11952329,14809365,2321857,
12252755,16491499,2794162,12397828,11769544,15365484,13633902,12861624,12786711,627694,
7612191,3898489,12740777,14372359,10806425,1354626,12933849,15752939,13930331,11299357,
6190133,10864799,14752224,4065445,8462746,3888940,15699739,980350,5199716,5667732,
8034902,11130386,12179876,476154,15279025,13682071,7614843,8622129,2169804,12665931,
13597161,15394059,3206309,8846462,14039425,2725126,10338842,16467029,456624,12170915,
4881000,7396716,6974981,4120916,7607818,12468688,13930299,7553134,11823807,1905263,
8723382,5637843,2444581,8601346,8513580,2424230,4876340,6734172,16006647,5059116,
7053593,4498423,6920997,10557790,7579583,15041742,10988756,1181959,12727068,9600220,
8220596,592816,5371730,13364618,544624,14491513,267906,6220143,10343624,16180790,
4708294,9934105,9595171,13371097,10118462,7292171,4766012,9130466,4457777,15324350,
13667258,5784643,12753159,9984101,7524125,12727717,14973093,10593007,11612507,3734781,
3744700,15311060,7487690,16028603,2803540,10874236,9622206,11664437,8173010,14984599,
6436488,5072849,9812443,11458866,11000899,10148457,2179714,10744762,7278774,3999950,
16124635,10592101,1156959,14724388,12049901,10019960,14970405,1157750,5327560,14083697,
8615537,11147795,6637296,9930303,8855299,9919699,1717629,14080816,4609097,14435267,
806267,1853961,935466,4897910,12233277,639889,14678369,7070506,11373917,6069279,
9288648,6635963,14465674,1540908,16438146,4586632,14939278,15412397,6016247,14195205,
901559,6292140,6487835,841635,13431697,3121333,10901795,9873715,12629856,1204371,
5516531,2520961,10228678,6718589,13849099,10485025,8019363,13574242,5590244,2423088,
11092098,12433982,5618529,14650771,9402301,1047820,8727443,10113371,11408963,5898690,
11386726,14663997,14034200,15343494,3452730,13497762,16362285,11382453,3486386,2388835,
2398711,15988879,7426122,14747145,12927001,8880951,10190403,12062974,6913297,5913663,
12867459,15473341,6914256,16302393,2334080,291239,15564407,11895337,1693226,10571160,
19418,8450553,1258049,5164446,7050538,5378361,1961692,5482383,5969594,2513491,
7358650,2388886,14270333,4725741,5515177,5291780,5878002,4135983,7710523,7581588,
4604205,12742972,14220093,14032071,16356637,5336375,6125739,15609549,13809466,15842842,
3507863,3124989,12740743,8233646,12423714,7545091,15804598,8135394,2952637,2809043,
13454965,8007454,15229197,15417598,15365297,6250100,13710815,4062736,7455054,2989560,
11864909,5085144,8082013,14900989,8404570,4820136,1972814,4384681,8024198,14445403,
3551220,14522035,5470592,7761111,2753679,2419716,15908587,14810610,7093593,864144,
1692247,4652222,10991594,1436883,16125242,5094502,2578667,402131,4417407,15263971,
8276864,14956241,6529821,7850719,12807506,13879131,1873134,3281004,7566369,1283063,
8519565,6993022,2067280,404284,9471890,3637705,4221828,1410131,10434200,1691943,
14794612,11759712,15876907,8184881,14650992,4951460,15868980,1368631,14093995,10787845,
6938182,7461625,15369349,13812316,14904613,15976517,11472406,8768750,11971778,13108779,
7430158,12765919,6895261,1298026,5014227,12207097,8020775,14463039,15157006,1931120,
9570657,807968,10917979,5986353,11977992,764790,8544854,2664916,6910320,14230438,
8564719,8409372,15709605,4618747,3266331,8203231,632900,10722544,1633854,11733187,
9900734,1062505,16105480,9986733,2512860,9184967,8985867,1231311,7374724,12448336,
1181297,6353661,7883457,3722933,10238053,758258,8816013,12381822,2455364,10325633,
10083975,1235702,1736992,9123550,14762407,3828083,16486014,14367787,3249346,3856047,
10113351,13825507,1517403,3472090,12597463,10988186,13579471,11669504,13534364,8179243,
9465723,10727600,13676939,15171073,1741756,4553890,8145934,11236422,3277688,11271769,
11955293,10042265,11775264,1227581,14502857,5294316,10642296,5887426,2544241,12552314,
10156337,8183479,6139782,12138988,7448405,10311396,575287,6952406,4083709,13885152,
10518201,15950278,13929330,1353495,2965465,15181932,3323558,5295147,13383486,9527533,
4313722,7270992,11547245,12091779,6610850,14528005,5506711,8938373,11848209,12016032,
14725813,104307,13146919,11219328,206770,6103654,5103121,11535521,10972885,7957518,
9473052,6295013,6482275,4875843,15803985,8277445,2881934,12958188,3186944,11300512,
11506165,6514241,2099830,955727,5332084,3691121,15508250,11755645,7377563,8452014,
15491328,3124159,8691579,10423426,4934033,2465672,9161633,4574229,4308465,963011,
5102731,16256051,4107427,12122443,10218006,2181317,5548520,1775915,14825705,8338432,
6105310,8382212,2644875,12148651,10228099,7563502,2493958,3470607,12363929,11639540,
9878885,3177389,9626226,13716052,4353422,12012693,8376678,10413481,6230588,15760723,
4364390,9107333,16488680,15529012,3646177,5509365,13364012,9828714,733625,1349498,
10909275,2717941,6885379,5761252,7225486,15950079,14897373,13063307,4049332,9257234,
6271700,2070761,11199765,10368277,9099803,14105965,6453892,16399205,12382467,14625768,
8266423,2635009,8417984,14664553,15700546,2502343,4904037,1606355,15439430,120736,
14062092,10892477,13761277,1931284,10572158,15758068,1425267,12273176,12597669,6625621,
18494,3724242,14814279,8983768,9609848,8842679,12261662,11440977,3201757,8364937,
1369764,11669456,10853304,7583568,1022389,2452421,13341663,6634602,5689069,13800443,
1992862,10171359,11336840,14149638,5341762,5276154,9105599,6934560,14134796,1030766,
5513115,8886825,14094037,11597188,8299718,861371,8396791,5107306,4027403,3552031,
10476233,14531522,8995903,4773873,8072807,6345572,14595364,12264047,12066188,3372175,
3977092,12749508,5144375,12970520,5169899,3836822,10458307,3002399,15918195,2777062,
12852995,1668373,4705174,11583308,9566681,11700581,13683223,4153586,10709249,5606041,
14693784,2895469,1318329,77025,5650043,11839264,1692627,3783688,16114722,764255,
14625180,13220441,721174,8186841,208058,15693670,2819930,5903887,2774798,9192287,
958263,9141812,8400901,8631536,4526673,13466618,4707281,11150335,1351103,3955142,
2114281,11234607,11744863,13989616,14120024,8468643,14012232,6647276,16066915,5305656,
10243238,14534777,3216105,803894,48062,5043661,6621446,10345127,9397876,7708164,
15196512,516557,11038827,10719796,11701555,2494072,4143304,2060010,11975281,6968462,
15728148,10383583,8254129,14301870,7897654,8539206,11363751,15602273,4176199,14011800,
4033112,1503193,16042601,7780745,7050350,12230325,1285171,13698646,3932922,13435027,
7374043,2081019,161626,14643493,1885686,7375101,14356132,11348861,12519208,10694400,
10856514,12914144,2502312,7554634,4034660,5201811,3540807,10652524,3484046,9393784,
2966093,4094824,14472872,14226321,8873556,13976017,3092290,15415470,14744421,282200,
6947252,5875615,13662698,14785817,8768682,15385872,12725890,13541535,11698723,3173266,
7574014,12054024,5563774,16348468,16195638,16464420,10719649,14146867,14511652,7466658,
2456915,10334304,13781403,15418535,16001269,116667,4929223,10538028,13086096,11361570,
1970263,712024,1507228,1140559,13483986,3634751,10581389,7337961,7658134,4264602,
14592638,12547437,6144429,7212787,2190427,10062571,6014393,5536929,4702625,12369468,
2496911,1175274,2062629,10989198,15428334,3189769,13566751,6874703,5139249,8733702,
1207444,10599966,696402,16037862,10016493,16362442,15845137,1824837,12892113,9382847,
8961382,5284147,6068137,8230491,7252891,9738147,7616998,874009,9668285,9615785,
14461545,47609,15848652,2779142,13482809,988267,7433711,11835180,12707744,11351981,
11826159,9181580,4324907,14077213,7805680,13546706,5997410,6738143,1658597,12316271,
13415570,6384338,2408570,16498182,4744935,11972733,8781555,1179714,6465419,14089252,
6584714,14537762,12619473,11618886,12005854,3855870,5545658,9065198,6432751,4602217,
3956050,11789862,11291619,1252043,12163141,10599544,10927600,48341,4920194,10691126,
3745308,9189548,11641233,1222696,5892168,3251668,12422593,6001450,2581457,15364110,
5043478,3084831,1813758,31742,10339681,7408443,13189578,9893163,5703428,8479305,
9107504,5081988,12780233,4516824,15136213,16100897,10704381,16451947,10261658,5856719,
4691755,13119116,4161449,1679111,11081546,6703404,2477492,3407166,5318724,16017085,
5024438,4769306,16320211,323059,1588507,16171430,9277881,11471520,3504689,4707850,
10073993,4541701,6333887,11179085,9862561,13384561,12482105,6187403,5522694,15622441,
11405398,3343949,12823482,11554226,2158494,3869480,2190895,16024806,1869756,16369667,
1753040,8126198,9991896,14645437,9760673,6553082,2461538,16289406,2884970,2565057,
11440690,6973579,5638745,10833994,14825671,16462021,8360303,14598877,15534252,7247815,
7615949,9438682,5367272,6418578,4173881,500811,15015959,15811229,4875377,16180974,
278665,206063,5177428,7586319,15620099,12468901,5231736,1168688,5564750,3426381,
6950768,3741034,10461222,5104218,11821956,11804455,2653035,14775807,9314304,9672140,
14281451,15189490,1124804,8430329,8581864,1277178,3913036,11654933,9573530,6131278,
1383132,2556098,12768456,13963447,10110306,4896027,1255567,13687335,16224034,16440964,
14351540,2452354,7621454,4545468,691090,12456267,10719341,3583117,4744016,15709044,
12231592,15697805,9272653,9111858,2486114,12676622,4877642,246964,10793974,13399190,
9318062,11694876,14592917,3640702,5499733,5941026,10359135,4242511,8393628,993900,
2950488,10430986,16069259,14540488,3328833,6122281,13236258,8984372,4669358,5820276,
16141240,4329040,15800660,15366478,9196161,7735016,15486835,6770764,7820284,13301007,
4281347,7631591,2421280,12498540,12936808,10678392,1095271,2853700,5409564,7643634,
192525,10456445,5925867,13368886,11497078,4337862,5674880,3824253,15847537,6960668,
9135817,1464377,13660869,14311879,15614265,12336307,4720352,11447901,7797776,507903,
4575713,2797708,1394523,1749044,9381497,13177282,5063882,1279368,9245709,54116,
15184090,16014456,8179804,6403072,13018890,2083279,4677771,3223967,6881955,11674212,
14340558,7807539,9717084,13262620,133001,16393609,2794970,9377737,9606659,12111393,
1210181,5415803,8285853,7107390,10342320,16157407,207068,12451432,8358777,4481654,
12118809,2389730,1773469,11523651,7115705,377681,11364211,4403346,14729479,10797446,
15302459,8402733,13869007,9803227,7500524,8230979,3362077,14924040,9560408,6903934,
12124577,1599401,1502205,13170265,1720335,2209546,5372314,1663211,16120299,1310622,
14360959,10563924,5750073,13924120,3991731,1664516,1256170,1426720,79396,12962751,
4442155,2741827,1774413,3893113,5420138,12035364,3301902,13114232,3387927,14030626,
1819266,11880889,393882,6159553,681017,2612326,11554937,4645686,6922401,14871809,
7490992,8556570,1304621,2874396,4590014,1890068,4008895,7793069,15673994,954914,
15961072,9199696,1488402,4514539,2479796,12976636,15328397,9793000,1099366,7588058,
1361385,116524,6785977,1598586,4775161,7533695,1679202,1697238,14959271,9204097,
9193271,16366645,1135906,3695796,6512151,13395063,3087933,6813684,8133998,11075030,
13137008,9940129,6961625,6999064,15296938,12601980,8825652,6054668,16393739,5390685,
4379210,8669377,16214940,16278413,15455335,11537137,1959848,14526310,10702057,14648917,
4023036,8075594,14863452,14248379,3280246,7205084,4103875,7972654,12344119,8429766,
14449281,15610261,2833712,6136429,13656487,832385,4286393,7076122,10048232,8050034,
1071174,13551676,15618997,8696879,14116737,1905031,195862,10164728,13017932,14674783,
16194811,10738821,13039214,10540384,14091048,4048451,12246268,2671926,4061287,9251413,
4797749,9156569,15396230,3787074,586478,546736,4593201,7998776,11664077,15001396,
2478070,9664626,13450101,6905551,14381397,7935116,6522569,14229141,14134259,7284956,
5632102,3515156,205656,9457443,15623198,10752048,8709128,12090705,10866503,711634,
4751260,1018011,11512239,5660240,8583517,4300858,9047181,4901422,10647083,14716556,
13467558,955300,2461431,6930632,12420696,9788624,13484332,1775763,16018117,14304423,
3441239,3827912,2481667,10044708,10178165,11732867,5045203,2938732,6409638,9053964,
9919526,12599219,15454926,6855578,14529015,11667904,5780466,14791354,11641196,9463890,
13593229,9300183,7999840,3535580,13037097,14333823,15136708,10037486,7432521,9850846,
15048496,4631918,7482697,1046508,4609778,7763615,10949636,7210486,6052620,12228562,
14493582,4782397,13252416,3111630,7337875,8566073,713498,6546269,12808849,8610681,
1355952,13802635,9847570,6565194,13140756,5374881,15637041,15335104,2289229,7068912,
12535745,9699526,3808975,5637038,13030964,1963527,8329261,1553865,15256255,10722974,
15322218,13558845,9249577,7528267,10305140,14501769,1984665,347058,3077332,4751506,
8015793,11000738,5988770,7129318,9641323,3405746,15065722,14840711,13007403,13411184,
9861375,7573355,13850686,4347044,13909953,8570654,2817600,6279310,8748104,1577299,
8731000,13964674,10519437,11136384,5189031,10445325,15533578,4576136,16452388,13188967,
11199839,11620989,418798,3734729,6719486,4176731,13537047,3521074,6845863,16339069,
6729889,15348246,12133421,9376206,1128246,15840169,15338858,10895744,485302,12773075,
16282988,10827277,2839650,5711274,2495340,12430497,16479594,9414415,2212083,10418795,
3549833,448575,5876124,8807817,3557915,3929279,1892126,90062,6473367,12434392,
14222330,7490775,4442543,488484,1677363,1044060,10115013,3822668,10066430,11623420,
13261889,8981743,7210062,14948437,1939794,3120627,8244001,8791854,6056099,12481399,
4170069,12134934,10917858,789298,3693650,4481847,1672496,9193360,8471628,4129803,
7289463,8145017,8181726,625434,12876060,6630964,742065,568157,7332110,13115837,
11490175,4119388,1596275,13873189,13089346,14003215,9918240,8065167,14491735,10562065,
8040529,5403003,13913408,13303090,7836777,311818,1239769,16499644,7772843,3948483,
16491302,4164599,11723494,8536648,2849791,3729439,2559901,4624720,12093261,14478969,
798437,2671524,7119490,10924878,11812470,3872772,8880287,3474864,4387217,13899813,
4770835,6920239,4701033,14761492,2693387,11658915,2113183,2316312,8085453,5998040,
10588082,1879494,9348936,8138740,2832167,5679752,7094765,14623770,14546355,15665671,
2046792,4017922,6728325,7857587,9162363,5090389,2866394,867906,8459746,1147846,
15033313,4011367,4233242,11832758,12022740,2143403,6315469,14327761,14536143,8485956,
5389467,4623047,9686587,12930587,202950,6609263,9190241,14489311,16433506,15273581,
15075750,16089340,11201932,6770264,5923532,8714230,11976112,2108085,4167840,15665034,
12792675,9145760,4417686,6372698,16153021,4682824,2414003,4713083,13489784,13597575,
7683370,6485696,10468833,14400365,14815025,13761905,16511483,12835221,14801934,1759,
352136,11524666,1137495,14307102,5808492,5551723,4796292,5137889,12783685,6221989,
6551136,13990323,6916631,2186229,6235325,14151317,5080306,12659526,8560997,8566027,
10037334,11488224,2601721,5230846,5915370,14457637,10515317,6476849,14314489,6149818,
3715509,15647870,2693952,14932156,8613304,15361382,5580329,14009498,913948,12437397,
13794586,15127730,9490554,5162609,15434231,13940505,7043376,13154223,11830275,9301704,
4818087,2238349,12102805,6998049,15859737,14634426,10995072,4462680,5954393,12067020,
5587207,16458428,6146305,5627623,53355,8210648,15543752,2291454,11094488,8127690,
5573380,15252615,16368297,2052653,10986796,2957432,15200161,267505,71413,801849,
15606250,13946388,15524747,13462384,13994446,13615565,10725458,10610789,7564443,5774064,
3555137,270432,14228665,14611410,2421216,15574436,12479223,6469072,420697,1124163,
15953040,5294646,2170233,15604351,6135902,16233870,14001733,6013678,8744718,10325873,
16074406,2086723,6525952,10363201,10076090,6674606,13386762,9658748,14241559,14723220,
416182,1578416,5724066,6987033,10919420,15830671,8235876,15808422,664800,9821026,
16191095,11422943,15131785,940831,14221619,1498491,15530926,7213945,12346525,1289661,
2563453,3856380,2007386,13719917,10607838,15275609,14162149,2271619,9786966,9777456,
838661,4359321,5863232,7157153,160427,8859294,13929570,15814822,5729676,1106285,
15754370,16401423,12089047,4191913,4360756,860512,15303562,11243876,153116,11500547,
15486368,16004566,4090512,11769163,14872487,6223638,10003088,5366947,4146621,5002965,
8340928,15866,1062729,7876796,12194703,7046245,14569058,710989,6401862,11245433,
1783518,5223750,3229669,224636,3341904,7760121,13382828,4745912,8501251,8996221,
1336599,9357156,5605430,589786,6455198,7100493,16279155,5037508,2406957,1301869,
14128081,9498312,13025719,11476251,16128840,443640,4687978,16372897,4344595,4473962,
11114355,12561060,12423415,14669406,10605187,468130,1966210,16521963,9461410,6277750,
7111657,13570188,9563512,5267588,5755092,11726819,11562101,4578012,11119304,10779255,
11656387,8580575,14382519,3037501,10403321,10116311,6308631,10493013,14346259,15288779,
8956598,10522120,15724776,15509035,13216969,3824143,12359908,7339449,10573769,5179236,
4813617,6296365,1057796,3104153,7495677,8695268,11418635,11901424,11159318,6032721,
16205880,7947261,3135264,12026929,6700208,10687287,7232115,7309641,14889751,6366164,
12776272,7021657,11038397,3412096,1631798,3906889,303938,11335949,326533,9043463,
8639296,1966375,3765892,11875203,2898317,15749289,5784571,16175414,11040234,8838790,
1049727,5107875,238850,12832578,554215,4379761,14107771,5116452,1635096,3317444,
13770729,3149464,678520,14001674,500313,9442946,5949706,7710671,15287559,7903738,
15482938,15110234,14075163,7467556,5595957,8021024,12407637,12324677,11417008,11874073,
9230037,7197097,5403448,6479880,5507179,15256357,10204590,12931046,11244456,15765147,
473227,2213620,478202,12827487,12425461,11032397,12695696,1217126,45006,362215,
12876029,6682987,15285421,7794211,4115959,5093197,12900057,7897325,15328923,14485443,
5889932,11389175,11586779,14230814,3074680,1861439,12879371,15646056,9367910,11452642,
16183091,6143533,2966246,6634277,12856876,11687519,7324929,9358716,9499932,14136398,
10954941,6079848,7860817,9462679,1317487,1505952,8276855,7767882,7853527,7036809,
11925559,2637266,692793,4530717,14374329,12526173,9011818,4138385,13515363,8069241,
11971002,1228888,4044593,6924733,9139523,4509744,8107553,13982452,13869014,9774259,
132950,13549813,15085234,11939865,9343185,8342223,9625071,16438190,12613518,10399577,
245534,9340432,4299528,6042611,14885807,11452377,5194498,190672,7236954,3635333,
9397493,2687741,389390,9379639,2975803,1497801,13988658,13455459,5254606,8431439,
10830183,6949078,15865434,15821042,13914655,10085906,3368635,3640280,4468249,12048950,
14903865,6523772,1749890,10623688,7032855,15054043,6636677,2013528,1892505,7523095,
6214118,14247501,14513517,10326396,8856455,15952999,8144225,12146331,9572884,10842902,
6487298,12765820,14856394,9152990,7305177,9552291,6896723,12644995,15546565,11824916,
15276007,3944077,10532666,14089415,8376961,5196847,15476119,11585334,9682961,5292957,
6382451,15442293,10244402,477607,11889744,10651983,10065,6516180,3110971,1099673,
3953025,5568800,2796549,11382340,6909540,4391878,16507492,1855329,8698196,11800637,
11361749,12876392,235374,4880841,872619,8706280,1529978,10050351,1569356,1953624,
15159514,9362374,2167694,15479581,3122798,867190,14110360,9485579,93762,3107046,
6617886,13028612,14568726,13217915,16214811,3345810,6931005,10479525,1197510,9870363,
865300,11150701,839661,852010,9941288,10852365,12230301,3859369,10520186,15609342,
9043518,9418968,8903388,12427384,10847006,3500782,3857668,4415424,15143895,8102788,
5907809,365889,14068286,14148658,14590659,14922888,3454282,2170973,13771591,15785156,
263683,9306429,14573939,16474078,7432728,16004460,1528284,6519506,8109128,10974441,
3452553,16134255,16272401,8011608,13554473,729295,9417892,5639136,2412830,6905240,
1329476,12555071,7603887,9713865,986605,2808330,2296591,2478620,8993414,1981193,
9665153,717154,4170190,8415064,10464198,5976287,1422432,12829463,8641169,14212061,
15844075,11624481,6306026,13183117,13728886,12025608,15129072,2823086,15148005,11172854,
2289314,7625530,13422488,11341512,11564136,13687458,14434271,13911227,1462740,9933637,
4033352,10760712,1344261,13940342,14128338,4505709,8318508,4946031,4361206,14543324,
5914973,14016252,14685726,6052211,4346655,12142415,2831030,3699703,2758045,5668869,
8510632,9088544,13360036,12840866,7128246,11607063,12413047,9438975,13720340,9532820,
12105573,10693889,16221196,12756772,14962177,9943468,14268489,14335337,15623516,16488681,
6252870,7307064,13595872,13498627,6941660,8165408,15197682,7818619,12152686,440950,
15782309,1815640,16109377,8442741,12188589,11291938,10940423,9839949,9897433,15143991,
10359241,9352500,9414953,1184966,5378090,6201954,8045866,7771272,9913709,4433165,
4132691,11802791,1367294,4496861,1199516,15906236,10757787,14553164,9205929,11911732,
12063618,9526964,10144959,13075208,982279,2940656,1351892,13365457,5043087,2996688,
8264507,5229574,825390,10544763,1446649,4355382,9013927,23355,1256876,6781538,
11338872,8008954,13047842,9254600,15778583,4273653,7032900,7403749,6751323,7889802,
13161384,1857427,5503039,4891757,8033176,1788108,955781,5364939,11623384,3804215,
15090472,12739630,3100572,123223,12546997,11733834,2613413,8641418,13792431,12960787,
9771266,26093,9125167,12077750,11251738,15045237,11460935,603853,11828248,4788673,
2241826,8306187,16481818,12892914,1637117,6623615,5105359,10710346,13149285,2114696,
14925887,3864885,11773987,4821019,9551115,4503953,9972926,7021125,4438224,14220328,
6804225,12665214,13478787,3050799,12206472,14612723,8409764,5510305,8516214,560527,
13572726,9422320,4431374,8766994,563194,9464329,9568453,14177988,8942323,14906618,
14388840,3227748,811075,12830188,3362683,9612033,14705966,7380117,299342,6355278,
13174604,1730860,8759504,16297453,3455385,7306408,14428658,14082905,12350264,14940438,
1417534,13258965,12109397,2555046,5774220,1271450,5078388,1774664,13118454,1835684,
12058801,16325416,6600690,3732517,2305153,14831420,8087916,13686942,592339,16363199,
3155528,14944471,10332060,15210506,6222701,16277340,6449110,10223909,8461852,4035548,
10936222,1188173,9979859,4920068,12902952,12364117,3910481,14998433,5732308,14914594,
11633753,9564239,7374601,10745170,4970044,6295161,7012916,13210690,324700,4260291,
3136869,6251530,8774997,2782720,11678348,3769218,9624905,7373286,5468266,6145488,
13834407,9856750,13727754,5846665,10969342,6014229,8700456,10639511,315702,11855330,
12080955,13195076,6404342,14559408,12726904,1258181,10438980,1509983,11952391,4069978,
13125104,7211297,6868718,3788907,13015542,9452956,16210148,4856287,10121055,11360643,
4716576,1544421,11994790,5794716,14280614,123935,1623484,10088980,7472956,4771384,
14180770,551306,2843531,7698382,10898203,2698976,15434937,9623570,15361195,16417240,
8070098,3178726,3507800,2842246,6255172,5554202,14672548,1563497,2731030,9763392,
7679342,3935330,4490498,2757361,13376064,13013364,7250726,6920479,1573187,2214027,
7844641,2045622,13320792,8892443,6470799,104517,13844417,11053715,5431223,8173179,
1478799,2516209,335088,5460988,7730072,12355506,15875934,15386725,12175633,8280652,
13200762,4368216,1247126,12643856,10117840,12609106,14290679,15287513,1665878,5428926,
14847992,9206294,9690856,3908544,322523,5258676,8148985,12693627,8417602,250611,
15087099,10173823,5872645,6712256,1444449,14853248,13672180,9414975,3147736,6214888,
15453478,1515706,13976269,187660,15127473,1818718,15955413,13895781,5898865,12481597,
1900641,709776,7907344,7187680,14571999,10036630,3113456,13301953,12160766,8409844,
14068305,8184524,11470441,5811825,1944027,13010118,7486115,5965737,14954133,13637220,
14599384,6294017,7812254,4794560,5202927,5174824,10199338,10281728,3907902,6454956,
14704475,11224526,11653262,7895233,6589409,3884268,13415153,14008099,2330533,3841982,
10325836,10990773,3233969,3666984,16109943,11191683,1005698,5666881,14964833,5482325,
11178235,5498159,15669794,1320779,4754779,9244874,13137732,3384152,3151707,10608321,
1888974,7498741,14258713,545781,2474145,3181531,3873911,7755247,8023209,691875,
6386891,5127604,10400319,13380549,6282722,1963489,8654567,1938732,11475247,12921660,
8630833,15329556,12099265,2938906,534364,7925943,6807783,9661953,3880948,6653837,
4146653,4009485,11097484,14124776,1395295,16391795,13502722,7308659,9597209,15330347,
3191914,12494094,16376790,10720777,14920686,3090284,7693700,13122528,2748098,1161329,
8176106,7609173,3219144,1981563,14424149,4729487,8850205,9969065,16090576,5604134,
11094435,1770009,7082703,14733283,6533434,13541734,10124699,6754569,7473149,218229,
5615166,2357447,7233986,875489,7872662,14180999,1137564,15901333,5973923,7874723,
3706326,13279298,2016730,13678717,12587501,12685293,4458306,5353768,12191709,7647588,
13318039,411243,11036801,14925764,6186604,11299882,10555240,234058,11495722,9021982,
16121491,9819288,354631,8932834,6368729,9753418,8191285,5628054,5465060,7690407,
13368260,8113079,2698309,3077530,5246882,13065194,29082,1131965,15390811,16269150,
1841583,8543353,11238434,11775888,105763,11934457,5448928,13412966,8771219,8914312,
4433290,3636807,3530229,1598534,7044560,1833392,8673370,14772161,9820803,15396811,
5588026,925930,9798913,15595157,13227482,12368943,6095083,14605209,2365814,13528605,
6552406,5688025,14213801,14997002,2792824,3083691,13999388,16348399,154137,7345823,
10313666,15862516,12107553,15823870,1455231,8532459,9966636,10013675,4084198,6775272,
3410968,10437905,764622,8569043,8432403,7309995,15160264,13182373,5471611,16116314,
2384018,8744611,14711916,13361822,2795238,10199575,408712,1145155,15786708,5860742,
13686743,5187585,7970929,10685869,7566105,5516781,11960613,5341221,15452750,1312534,
5868635,10282153,5042457,1222165,1945590,12770460,7427152,12854184,8501792,10064526,
13110898,14281308,5259266,8702896,15798819,8865422,6768782,11973984,87049,3217185,
11012775,10538537,7497630,15601194,8109157,457676,14952066,3124549,4225958,2209650,
12373200,9215909,1131600,5150294,81560,10472775,11420775,16053074,2841009,12525959,
649979,14441991,12836022,15866866,8232395,14403778,8460076,9688885,1529971,1928494,
13293982,9797041,16256870,5252878,12143926,7971717,5532299,8227532,4436300,11825889,
16341089,7491975,2436161,366919,3660828,626806,1338425,3117925,2871218,9801115,
8996271,5278056,4111502,3514099,3380339,10670438,14321588,14024008,1279973,3066728,
4402540,7294349,1400210,4199848,882697,2871361,4645783,9876266,1779753,15191255,
12032134,7517925,11426426,5938170,2801692,12781148,2208001,1554318,2840813,9316574,
3567516,2275001,8882514,7242490,6999047,562561,9455875,1066473,6593696,15501321,
3001106,14684924,10442470,13316253,2231128,9071196,16045901,4943147,945493,11378316,
11177062,1499690,6978513,2435724,15961537,9049350,2380704,5731709,3501221,13721428,
10245052,14926055,2818084,12082151,4512625,14763502,1662994,5000806,6954956,8253724,
7381606,3089703,4105225,6463751,15697126,10527334,10710733,12152484,154468,8832054,
11316874,569069,13711059,13801359,8961673,11892785,11270555,1127090,2934685,6236944,
2824970,10800352,14542308,13069626,3982707,11116667,5739942,8425268,4486747,5277605,
15839991,11911275,12824026,9136234,3749423,1509859,8131716,15060929,10550880,12830750,
8790363,2724450,9216497,4294046,7982422,493479,7924239,9609678,5399890,8880769,
12764391,7042,8072667,13819268,14523817,14678325,5275628,6802283,3171653,15116437,
15569676,15603473,10462093,10467585,13739487,5904483,13212684,2913363,2271632,192507,
15039608,12397001,2727054,12417638,5277646,4348306,6904747,4101404,15204476,7958595,
3553600,622062,665609,2823275,4518868,1350864,13348045,5562600,6092620,1209188,
14187619,5933179,1048802,5108801,15677168,9950110,11206838,9628631,15601868,5223037,
9855492,2539298,15678229,10012457,13322147,7133668,12553233,4942963,5716606,11398185,
11249774,9472170,14125698,13671464,1419099,15035477,992646,14879004,15785471,1289371,
13565552,6903254,2011746,2872975,14851659,2993355,14390623,7815661,354711,8999124,
13243069,9016256,4079401,2791823,2781260,6260649,15421145,6387940,14969543,1360859,
13151791,161973,15097205,12829554,14663696,15721456,16402492,11593739,6219045,16309897,
15022978,15444910,1162791,16031749,11309022,10265622,14807370,1014488,16496119,13866284,
5343387,8164484,11395386,15089473,8212895,5540967,9788777,15205470,2564601,7879329,
5623840,8380360,15089992,3593896,9026819,11977089,10374754,12505103,4783045,3672070,
15042270,15105111,15453707,14328938,8661031,11261008,6231489,5869186,271900,14186855,
7373138,13273800,7961278,14016106,7258554,372826,7664723,3675601,13734735,9814658,
4256440,12567860,8400950,2625856,11967634,14563786,184435,1730469,3486076,14552083,
14865995,10571814,7271384,2596823,15471910,5002113,14022318,15094643,12500386,3331107,
12733248,437711,14150101,5238588,2277813,10356324,335244,8039716,10647222,1718967,
3037836,12049967,1103116,6280928,4550053,10254444,4185373,414783,11682848,3749387,
2081483,14122278,6810109,14112714,2531202,11203885,16247621,5316443,11336747,6306494,
3547283,4695529,10880945,10783881,3584643,14350519,9513436,16436986,12912659,397727,
15633059,1011200,7850783,2851313,3343619,12203549,8270125,4314282,15053101,4107889,
2689025,3977134,15218949,2472475,6438870,14499624,9923577,12244181,13587313,7247788,
15182889,14960348,16095233,8675348,12108777,7281555,13393933,11651764,5460650,6868396,
4342256,14336738,1847850,9376310,5919118,8349537,15626612,7130159,8844367,4943711,
2605896,11152454,13459867,16399472,14583569,9856258,1655333,1639950,13099664,11503306,
4325318,14361225,12502360,12115632,2460297,14202018,16271679,11040508,6240034,13031233,
10975140,16305221,5999829,8968098,14701567,9129591,15575381,9447472,3490232,13907609,
9492880,5190620,1939793,9499099,15536746,11782838,10980153,10348335,14231157,8350376,
7903729,9870019,7075850,13471274,10313081,10577504,16381678,1597250,1698785,8048326,
4100546,11839557,15995595,4766139,11876844,14209536,5991450,16208423,11163550,3140299,
13262532,13241029,12980065,6337478,1851797,15467046,13121144,1414400,5855977,13438314,
15935596,15558691,2299801,6879235,945613,16219643,2412511,12635780,4496427,2989004,
62435,14645900,3129186,7231232,4064014,1269159,243214,10478362,12091665,10244521,
2269450,13047583,5385249,12131546,9060538,12842555,5367220,5599705,1667778,12967605,
5682182,5165054,1818077,10747370,14862743,5063980,14954642,12119975,15941034,11095165,
13771625,9938735,2540812,12995717,9371777,1258163,4499216,12657586,1432642,12932767,
2852550,4125027,15084618,11146011,1646206,13964537,11110496,4662295,3729625,7206617,
2307615,6246658,2159536,5849427,1191524,5331550,10759056,16345725,14397435,2416250,
16259247,16437391,10850188,8600770,8192958,6883980,9208023,16321566,11889417,1362677,
2379241,14604942,15478693,15848768,13843879,12885595,4516137,6073832,6346263,16113572,
15577789,7804954,690047,3532777,13782361,854464,7544497,11281309,3836874,4635109,
6942221,13046205,14190132,12352995,15767378,7801400,15228578,5450401,16162415,3875446,
7435483,9947728,12166586,5660503,11458318,11219583,15040894,13694294,7863182,14767604,
6362282,3270137,3515163,2518583,14829602,11975601,4790284,10857182,13286127,5381622,
2844923,5125127,6436616,2105683,5558049,2556369,5678232,13061610,4107609,1321764,
4830501,6822752,15979469,6779690,7369702,6912233,5091442,3310414,9478486,14620247,
11236865,225818,13065522,840721,10016832,14457361,2383032,16369562,10907986,15937874,
241382,1178763,1972443,1983821,5787332,11453513,6632562,10288345,1066531,14643059,
3495059,329193,14990101,14124216,214211,2915114,67241,16041666,10542568,43751,
14037957,12705662,16084245,7307110,14250329,12596287,5575881,7075040,1147191,11966580,
13971407,13148026,14110278,14128442,2143597,4620651,39948,1847954,3538218,5257885,
8587952,7190297,7230833,10749099,6114203,7885803,16314459,387168,742797,10229961,
10342860,6615611,12367536,2849065,3717090,3715610,459251,14804099,7382612,13349393,
5327961,9877738,14181375,3478754,1313555,12136669,3652305,10691763,11966393,7891784,
1607249,11470848,181839,3477568,13343442,11020268,96649,14507822,13613625,4347849,
9507103,13334617,14225017,5054647,3445252,13336009,11580275,1300146,13269142,2124871,
8387262,5768109,11640930,9835776,13390896,8334112,5458524,15928124,15136328,3173301,
260920,2223085,9369254,7196955,3093240,12866407,7923797,11235167,3188358,12442192,
12855576,16002445,13341535,8819999,2362246,9507839,6530388,10389645,16270766,14451386,
6469645,954215,4696133,10654693,14830755,14551141,1164130,3802525,10815282,7437799,
12550027,2068100,14982399,15637762,2389127,3912996,3094015,940275,4964186,11996369,
16056008,8178033,15143196,15236461,15981977,4888199,12489010,5361965,9000402,2578871,
13767961,5030681,2339405,13394762,13767803,3135438,13076199,11177376,14739318,10786942,
1861865,2874838,11918331,12199147,9783340,14736578,4465555,33109,13150995,4943414,
6776473,11011811,3743793,10618000,3154575,2553242,2715550,12756288,6153017,11280636,
8673331,8423885,9624465,8076239,5291276,15483,6676928,7582753,6950536,13682286,
9472295,15439871,1246973,5659245,2986167,13141298,4588604,3140411,165019,16248631,
14735818,3730824,1115382,11204615,6663774,3682775,4887685,10964296,15708922,6589318,
13327313,2956754,14230721,7210897,14011724,5142986,12660528,6717934,12453596,3008333,
3880494,15097849,13513738,16427506,5040738,3755778,15524390,1903090,6113260,8101225,
84491,3356832,13367593,369216,3401765,1328288,1504067,9900569,6129518,14333766,
12068613,16441295,7121319,7699908,3590320,13887927,7916766,14621449,15713566,9625975,
3041,9829545,5548611,5900586,5321494,1948686,7445351,10315923,2918489,9525178,
2398785,8638676,10266663,1017594,2718854,5039613,6091225,15960084,15940897,11457019,
7063353,12449276,6531242,8229728,15454464,11836694,263703,9698561,4369349,2550964,
6244720,4117650,6947325,15024516,5527237,2565841,11517800,9884362,15936143,14283336,
774158,397019,15984045,10133728,9498963,8362193,10954050,16052975,10215078,7680825,
10504056,15222939,1723783,14696122,937353,3831098,3330453,3027173,4149778,5047897,
7139161,873993,5120182,9418884,3835371,11754868,7999068,11068233,6335726,15150321,
12815808,5847043,13723319,16455023,1745557,13548822,16213465,5904930,7680396,1170468,
953160,753126,2592546,15537565,6451984,8586223,8504527,1677165,12121369,608534,
9065543,14770498,2388874,7694604,8764171,9876802,2742218,3541064,3900592,10509581,
12169471,7051138,1235094,9820391,16311055,10195612,1681076,14245048,16260046,12636274,
7531484,8614535,15296524,15715611,1408522,2509437,4263351,836625,8130862,2554912,
5595094,6833760,14462908,8924657,7282694,10381291,16363194,6154595,13780037,2851721,
5899595,2776770,10448082,6349005,2139792,13361505,3026321,8624545,10319921,15347555,
4684556,2022467,9132543,10911825,13229091,15651039,6978655,3625585,7656080,2875274,
1378124,1401840,7854062,7950609,1704455,8448038,1623219,9493451,7623171,12216331,
8442327,9152053,15501649,14458670,7042082,15661970,8950561,11827335,11665219,5434958,
6868025,13987991,4225032,5320645,15966128,1498921,16331638,3232902,266725,6505344,
1707881,15162724,2978504,7164191,1204938,5956982,14592610,5452035,5291417,3208774,
4552835,7519221,5637339,16502137,1770373,6707150,14310610,8450535,3907271,12714265,
12600147,8219832,1290352,12443212,122516,14941405,12874669,10019240,16359292,15221963,
5704473,784215,10606315,11243924,9200451,4373294,11255303,10048466,8674467,10310259,
8781517,15766780,10063661,14465768,951615,806487,12286020,15297189,5224190,2848521,
11095208,13752455,3410383,4152051,6241561,11370036,2489566,11522445,3835821,5702217,
16204152,16000916,6351496,13900646,2181321,13247546,11279541,11796858,16404814,3154185,
59841,8504670,3495265,8664901,4829453,2175980,163551,8641949,5083960,4620101,
2613628,9560309,15281837,9284857,4836741,4998103,8480771,6752204,2078653,631447,
15844018,13643923,16247384,14242024,4105805,6339204,5775219,1706925,13766677,8702976,
11638790,8993722,2241422,5036775,74284,1409671,73498,6127252,7017103,16496982,
805411,8909806,410139,14162178,7108035,11075221,12397818,15106068,15547096,16215033,
14376318,15797069,3609371,14083406,16429544,5282121,14738532,10894820,13393805,14057231,
12687542,349256,9637828,8769248,10068719,3757014,8263121,8023277,5307870,14030308,
15922186,15848797,7186803,12556541,991665,12643274,4744956,2603522,10097410,16195647,
7812434,6644001,5919439,11849694,2863354,12202020,10018260,5825516,8373156,618367,
855835,16191121,14252908,6284256,7826148,236864,9303929,9052702,1326391,11778465,
9496049,3994813,10474397,4433562,3870309,5999635,12932689,11835623,10231999,15087216,
12549510,5617913,8478436,10737639,8259885,16449396,8086510,13545523,6573240,8774059,
16184283,3557741,14737380,13535242,346814,14659750,6937591,958563,14234027,8513868,
5635639,14778120,1680211,14204358,4408437,5224645,7803545,14849483,6010267,2854943,
8786215,9471327,6959002,16269679,16120134,7688630,4021936,284784,7804489,12315668,
10422458,12393040,11506079,13092763,8706166,6816272,4864001,7121683,12963111,15238844,
5562651,3298564,10887616,5300167,16140924,2688443,14207785,4752883,12865201,10697509,
8884598,4182943,8462596,8809476,1674290,14797140,2350113,14086248,8819232,6775747,
16119261,7467424,6317436,10310356,4304569,15977616,14387793,10277648,6404851,10286266,
264580,12540725,8353718,9616811,13338472,14860393,2936057,15967195,6180920,6803369,
12140373,10897517,9952287,10251682,13657297,6962968,11455148,13287317,4083846,6626684,
5807548,7947010,14267542,3657126,2563298,3707157,11319295,11902018,5440225,10416018,
11000062,3238373,9900431,6347024,9860061,13109436,6484295,10530329,6205,16389783,
5469068,12437801,15075308,14386112,6796565,1827961,13736760,1870705,7096286,13639065,
10695655,2316359,16466364,12785780,7324091,7335894,30708,7845511,2153658,428695,
2713404,5378783,8776459,15847876,7404928,10727498,1133703,12802863,11624201,9084612,
3518204,6943234,3960933,4939626,12003757,8536763,1132936,15604906,11941499,5933472,
13777857,8419680,14608452,7019456,15524416,9686376,7830179,2587789,2637983,13709652,
8053201,15749311,3060677,7895846,14970819,5358432,6955119,5656330,14633567,12644803,
9294232,13162734,5354772,5407892,4718785,271578,3069785,1566258,7495893,13734886,
13627449,1272086,12869094,4034838,4631740,14785838,11792634,7627552,16408335,12638955,
13087296,3026499,8970180,3747263,1883827,11786038,7438435,14412315,713534,14718885,
14464162,11427894,1197329,15332585,10026280,8556307,2299095,15062723,7374661,15590743,
8381936,1703645,12202310,4041022,9121651,10730197,11508802,7030126,6042263,15795254,
9870057,4017142,16518710,11553674,908634,2118219,3288988,14938440,10539716,11316479,
10381965,9598156,8308210,6849899,15350132,13450451,15614656,8491992,12858369,4177764,
5783940,9672517,4558039,16448681,2495190,12743438,9017100,6196513,9962529,14282208,
8089430,8346246,13081725,15720292,12904653,7654285,11273581,14749666,10521884,12174646,
9623352,956131,5134834,5773475,10952212,1093771,3367182,6341906,2124048,7089190,
11107354,4207461,8015415,6391980,5533874,8040146,14866313,9381922,13758227,14030223,
7340883,8685759,11947473,3665880,3732659,13228600,1174069,12707436,16099943,6068132,
11888832,7951383,1679734,1157921,6421343,1751634,13210710,5881663,4963268,11184647,
12622620,1013665,11287398,8593919,6013205,4359480,5485810,9508936,5743655,3200462,
13352217,10083003,4639797,10559534,15789795,140452,5002262,10936900,8157014,16412828,
12387844,11392461,14936914,11859210,128844,8586202,16106244,5789001,1962517,4621514,
14090934,16170745,5644530,1048973,11888606,15081321,4748146,11063465,565197,12657114,
15905808,10492885,5121702,14801808,616735,5527954,3462726,9427868,4910627,13812836,
9259998,9464761,2033153,963466,8858332,6693416,3707576,11895880,5126523,14282951,
4421976,10797033,16410570,9055549,3691976,16507195,3543795,5196332,5175973,9735089,
5722459,11341322,734742,15459811,10744689,1269386,14037452,13943817,14094256,8946169,
15852729,2620531,13722375,3757750,3197606,5894660,15989478,14998568,13866963,4020222,
3458279,16325497,16427989,8238608,6243940,2335306,12942879,14166889,3320243,5036350,
943876,2342255,1796904,5208718,9512295,14428925,5442752,1112683,13616317,4163165,
6192502,5558475,12970808,6596307,8222639,3045032,846339,2378254,13916417,14470803,
9808061,244150,1621498,6620589,9273081,2739479,10982410,15684278,11940997,8187235,
7518945,12035854,15583329,8460266,6667252,2956649,505823,8624165,13266557,3750696,
5350590,11291138,4926291,5594478,3820430,12201061,6540095,4936564,202025,10432740,
11658270,10887345,13274718,4369601,1268337,9400994,2860826,995050,13169089,7495008,
14607030,13473431,9912918,13590911,14211811,10165861,13505747,14811478,5240094,11021299,
2576879,4491050,12561618,4359956,15816043,15379060,13771749,10208164,2656392,3782990,
64783,8417337,7484659,6791337,4838242,1894411,8642561,11575213,7755163,15790924,
15559374,14280179,10542879,6809460,4682086,1305899,5595041,9855,7425706,7362314,
2607258,5884010,1649578,6232741,4573195,14056007,15406834,6385844,9431000,12532383,
4931120,8852000,2893693,10142165,13483003,16473933,16472414,16247547,15317364,6751873,
2844751,10068739,4377465,11063355,4929688,2608400,11637541,8942372,2206433,1067962,
12236774,6527594,231326,279632,4172503,10736605,15440690,5640837,13141947,6514824,
1513819,15002422,16235528,7134273,6436934,4248871,4908644,8341455,15710929,15407080,
6862309,1889267,2862650,12539526,8610959,9803876,11159116,14172987,2118795,6789411,
13040792,6942546,9510043,13172352,6781254,2044445,1123864,7509740,150883,12767768,
15852963,5856590,9835600,8146531,14397414,14092193,15436276,7819842,14907670,8411425,
16455786,419195,6737500,5976539,2432664,15650276,11110578,3459819,8720007,5044421,
11877543,1463656,7345725,13713673,12463833,217405,10532481,7171504,760923,16371543,
7525920,9665099,1438890,2570545,10193398,12138034,14181543,3127631,14379894,14450873,
6815402,2675927,1192218,13993733,10036394,3669133,11462400,3915660,12924980,489534,
2435410,11222580,2433637,14690910,6397253,2790041,12731930,11281155,4186018,486666,
15391558,5089101,6195601,9381673,2092010,11937827,4276452,16475971,6623190,4645136,
5864834,5040827,3151791,6366310,8904689,68642,15257482,8462028,11753898,929815,
13125273,10829571,10433575,3653443,4871911,8698077,4884953,11801434,1288003,12681733,
8473104,10408504,4209707,15440666,2105474,9697397,7286010,1394122,11700280,2511640,
2832297,16439122,16379416,16265334,7809256,4613337,8782063,9826431,673342,15962143,
13688216,14711622,5635650,3881877,8158258,2372655,9346856,2549100,10045920,1604366,
9602098,7977164,11248247,3985033,904523,15598159,8952019,5869913,4505305,3008635,
13623323,1644153,7069021,7869580,5120501,11710347,14380046,192334,2464926,5986356,
1020847,13304455,13666692,15736232,8640909,12439334,13312974,900636,7707800,13171084,
9803588,13363936,5215026,8605016,14300591,2350729,9479698,2824157,7261451,7785703,
4495313,11830763,14271211,16041714,8869684,7851330,3160738,1517463,12913657,9838042,
12071641,1234098,6755438,7711364,9457405,8790610,2588143,11542626,12278207,1339080,
1137963,12549738,7739859,4008661,1814420,15389915,15505421,3958284,9547361,8082493,
2657106,8172976,4434164,14915507,962213,5288117,14295801,2113879,9954556,15916406,
4835420,1539216,10956871,4168454,2322439,10795282,1436038,2709823,5103267,14677838,
16117982,3382357,1316395,2994238,14855374,13122436,3386066,8584673,11052286,14663170,
1799281,3171416,14093040,660834,7104303,8366765,1800796,10155047,9488728,16143986,
5792787,10028713,16406097,3426427,14489864,12536808,4461048,1948943,1252543,15576271,
1408537,14847546,14158517,4818931,14596457,9104769,9923527,6654020,14340404,9770881,
9440510,5069426,6361802,3705420,8136945,11072491,15080454,9151150,2193613,6602283,
14170316,16130536,15165445,14715172,6604291,3843247,15960707,3219087,15298753,5847652,
10410903,4342690,9975091,5133081,5524285,10455825,5620092,7797350,13503559,7554555,
1982995,5835754,4035837,3845470,13410084,7751202,12283395,15778978,8162887,3012930,
1782010,6164913,6502459,11019970,5135485,4387509,3798043,7768466,2349011,784671,
13907007,6837406,14938316,15162039,526814,4519229,1851993,11679013,6905447,6391590,
1178530,4496886,8380640,8995571,8087420,939700,14631148,4955625,8581413,3118831,
6321520,15816045,12050060,12026203,8325444,7891156,6843537,4775961,3848967,8552197,
6588951,13755297,4075177,9749178,6855060,8647163,1315420,9779682,12381945,4157220,
6388899,8974237,13180791,1911348,2703911,1882783,4754007,11343219,10214432,11622071,
14642736,5640266,13127109,8159734,510591,2294505,10882369,11133945,13872827,3246311,
14160493,4412008,2092981,14787358,9162835,2422351,5032892,4525864,15052903,8097146,
9889612,6556856,3220964,262511,9812780,10843984,1841077,2408004,7660242,14606058,
9402365,13734569,14082566,8184259,15827081,1539276,9820918,6845593,6908676,2663839,
3989091,1090147,6115125,13713830,11037494,5362642,13336888,14720427,12297197,7956537,
14085620,158904,16266194,2115562,16187337,15713862,12301673,2845331,8864457,16093131,
10767172,3497487,14135397,6667309,16334415,16108799,1889481,8743421,2569466,15500972,
11036218,2459749,8986556,10879283,11860692,15590968,12885645,475949,2537438,9830588,
6664783,16216059,8673042,6222485,10493864,8307849,1281002,3684799,7648547,16067263,
788319,12957367,5164992,4899719,13524548,10180748,8334725,13811166,13875705,1008137,
12363800,6456621,10341154,4529597,7312494,2670577,13883512,13362288,424349,14774388,
1568603,10328476,9363276,4537197,14399,6001249,8531117,9509512,690273,16420668,
8747799,1636823,2567814,8071185,10883057,9694152,2208070,10609895,8309161,7514437,
10273025,2428997,11621697,76714,2609976,14440632,14378925,15484779,2602822,526304,
8820853,7535635,12278178,13694126,15988249,14645501,2413518,1994566,8395154,7485552,
779034,2541582,5058893,12277948,833299,3699276,4781982,3935992,6036073,4815991,
13842143,9379291,5853000,13642940,4068367,5360192,11416423,6103974,4502970,13297265,
11498759,4005271,16026396,303009,14447722,7022363,10399282,10867402,2038577,8824370,
7379645,12050811,14202572,10709328,11996876,3905673,359561,10170428,5894595,13700113,
16444583,10133788,5634915,12005555,11257495,14276977,1718870,6034793,11453547,5000812,
3966077,10461613,3083608,14991359,742595,901047,5801159,8169674,9622590,536257,
6580866,9224296,8918660,12963351,8933260,13171731,11330638,16306914,651291,13569768,
14061251,1285611,13977279,12713937,14407650,14334609,1679599,364820,15615051,6866654,
4108996,5545582,15564314,12487754,11101695,11963490,682791,4929310,7744772,5884189,
6152453,6662859,15800808,3106826,1879003,16322226,12489928,2824251,11744275,10109163,
7400761,8522090,10983701,9880684,9005840,8030084,13906306,5427857,6864495,5224929,
13380604,4310144,11197489,1461892,10553222,9234588,15958864,13841902,6792181,16395846,
15500993,3287,10535695,8691927,6588171,6790112,748333,2035624,15582168