4582 
887 
1208 
744 
280 
401 
244 
377 
188 
654 
201 
3646 
184 
157 
73 
20639 
2061 
424 
1222 
1180 
2235 
244 
853 
607 
183 
889 
353 
823 
428 
406 
99 
1287 
1302 
11639 
154 
1218 
1544 
186 
593 
877 
700 
377973 
519 
367 
240 
940 
24881 
1581 
1011 
317 
844 
6460 
717 
75 
392 
578 
781 
224 
4293 
741 
579 
160 
310 
634 
1828 
1230 
2445 
224 
399 
93 
2103 
137 
380 
149 
1012 
425 
1391 
333 
1043 
226 
270 
513 
133 
265 
453 
212 
399 
2464 
150 
2994 
488 
1688 
2466 
1240 
312 
993 
643 
1362 
839 
121 
1691 
922 
278 
1747 
1250 
2377 
570 
6338 
861 
523 
457 
156 
224 
826 
430 
446 
348 
208 
825 
1432 
291 
1335 
492 
86 
814 
348 
978 
1828 
116 
24728 
1140 
163 
1174 
672 
258 
303 
607 
316 
301 
273 
138 
468 
747 
1496 
843 
442 
603 
2146 
870 
644 
915 
1242 
614 
1566 
760 
3321 
3499 
5886 
579 
307 
405 
192 
938 
106 
251 
646 
718 
9678 
2943 
385 
442 
1275 
716 
297 
2761 
1161 
630 
779 
384 
712 
706 
474 
54 
909 
410 
140 
273 
951 
232 
217 
241 
234 
595 
538 
2463 
1116 
176 
889 
699 
2084 
1096 
297 
693 
154 
347 
915 
1906 
900 
635 
128 
360 
522 
114 
419 
376 
474 
541 
143 
548 
1212 
1925 
1314 
112 
500 
233 
808 
134 
205 
214 
828 
157 
495 
963 
165 
63 
161 
292 
2778 
278 
420 
11026 
117 
171 
410 
11368 
157 
178 
1238 
229 
3736 
161 
727 
405 
214 
2304 
521 
1849 
270 
245 
228 
1394 
6723 
411 
137 
39 
1490 
1146 
1282 
467 
124 
531 
1394 
529 
72 
967 
800 
676 
96 
44 
66 
321 
263 
621 
924 
2933 
1921 
280 
371 
46 
135 
206 
172 
611 
960 
147 
506 
508 
167 
806 
302 
482 
1903 
164 
1968 
7386 
627 
684 
207 
176 
349 
1892 
428 
2906 
323 
5191 
2768 
224 
2741 
735 
2598 
993 
927 
573 
5812 
2104 
1441 
457 
320 
460 
1167 
3660 
845 
212 
738 
1341 
346 
92 
795 
438 
324 
695 
88 
280 
690 
414 
482 
899 
1077 
325 
417 
226 
753 
694 
1365 
680 
793 
715 
115 
1174 
207 
321 
1526 
203 
308 
221 
1382 
116 
584 
538 
1112 
686 
1699 
1026 
579 
321 
779 
75 
1100 
315 
2694 
121 
4675 
83 
1657 
1117 
710 
237 
337 
1553 
249 
743 
470 
580 
771 
174 
135 
1337 
635 
366 
451 
367 
247 
52 
193 
2944 
167 
96 
1431 
420 
4890 
406 
925 
351 
1532 
760 
2257 
972 
812 
332 
586 
96 
848 
279 
951 
647 
2221 
1446 
108 
1031 
631 
509 
874 
807 
1777 
1216 
858 
772 
425 
3674 
1315 
3721 
1413 
2181 
231 
691 
4028 
953 
345 
3541 
234 
75 
6053 
522 
131 
5663 
993 
175 
546 
144 
966 
381 
101 
611 
275 
405 
800 
2036 
348 
42 
617 
853 
564 
391 
610 
828 
1089 
514 
616 
158 
151 
541 
113 
58 
242 
6597 
954 
475 
349 
569 
854 
2337 
649 
128 
392 
921 
842 
224 
973 
342 
256 
1044 
800 
5573 
581 
122 
2928 
160 
481 
163 
470 
1272 
1297 
494 
475 
444 
293 
3531 
433 
229 
362 
1804 
115 
1676 
353 
150 
1415 
1521 
1048 
2187 
1108 
851 
804 
278 
2013 
7424 
680 
178 
494 
623 
249 
622 
1017 
548 
72 
1378 
587 
1594 
901 
399 
1242 
589 
1168 
9169 
90 
332 
375 
117 
665 
2250 
556 
560 
201 
1279 
921 
400 
2046 
1101 
1056 
383 
307 
753 
250 
76 
487 
3288 
263 
268 
130 
1247 
235 
734 
421 
42 
136 
2187 
459 
3538 
430 
533 
874 
228 
447 
716 
834 
722 
258 
1281 
2900 
3903 
487 
1767 
3760 
3133 
404 
683 
11160 
500 
71 
3157 
949 
332 
1340 
253 
1080 
262 
849 
1065 
3037 
514 
189 
1152 
4524 
194 
767 
819 
360 
2315 
295 
307 
100 
1095 
1154 
583 
255 
169 
788 
92 
710 
21120 
1437 
748 
169 
60 
2555 
140 
43 
1253 
212 
3802 
643 
282 
68 
33823 
1628 
760 
1094 
820 
2489 
401 
370 
758 
1705 
497 
275 
460 
1027 
190 
243 
341 
62 
249 
3803 
